
Minimize s=1.0 -- lr=0.03

mu 0.1

Inner iteration 0
	h(W(model)): 4.0000001067124196e-08
	score(model): 0.6407061172641498
	 mle: 9.171907084264607
	 mse: 4.630781442875647
	W1: tensor([[0.0001, 0.0001, 0.0001, 0.0001],
        [0.0001, 0.0001, 0.0001, 0.0001],
        [0.0001, 0.0001, 0.0001, 0.0001],
        [0.0001, 0.0001, 0.0001, 0.0001]], grad_fn=<SqrtBackward0>)
	cycle loss: 4.0000001067124196e-08
	structure loss: 0.0
	Sigma: tensor([[ 1.0000,  0.0202, -0.0388, -0.0205],
        [ 0.0202,  1.0000, -0.0215, -0.0144],
        [-0.0388, -0.0215,  1.0000, -0.0113],
        [-0.0205, -0.0144, -0.0113,  1.0000]], grad_fn=<MmBackward0>)
Check M:  tensor([[-0.0025,  0.0000,  0.0000,  0.0000],
        [-0.0071,  0.0153,  0.0000,  0.0000],
        [-0.1085,  0.0016, -0.0621,  0.0000],
        [-0.0098, -0.0251, -0.1187, -0.4388]])
Check eigenvalues:  0.9498703267084474
Found h negative -4.663009525904463 at iter 1
success:  False

Minimize s=1 -- lr=0.015

mu 0.1

Inner iteration 0
	h(W(model)): 4.0000001067124196e-08
	score(model): 0.6407061172641498
	 mle: 5.52053376949725
	 mse: 2.769748554170192
	W1: tensor([[0.0001, 0.0001, 0.0001, 0.0001],
        [0.0001, 0.0001, 0.0001, 0.0001],
        [0.0001, 0.0001, 0.0001, 0.0001],
        [0.0001, 0.0001, 0.0001, 0.0001]], grad_fn=<SqrtBackward0>)
	cycle loss: 4.0000001067124196e-08
	structure loss: 0.0
	Sigma: tensor([[ 1.0000,  0.0202, -0.0388, -0.0205],
        [ 0.0202,  1.0000, -0.0215, -0.0144],
        [-0.0388, -0.0215,  1.0000, -0.0113],
        [-0.0205, -0.0144, -0.0113,  1.0000]], grad_fn=<MmBackward0>)
Check M:  tensor([[-0.0025,  0.0000,  0.0000,  0.0000],
        [-0.0071,  0.0153,  0.0000,  0.0000],
        [-0.1085,  0.0016, -0.0621,  0.0000],
        [-0.0098, -0.0251, -0.1187, -0.4388]])
Check eigenvalues:  0.9498703267084474
Found h negative -0.41979115442283077 at iter 1
success:  False

Minimize s=1 -- lr=0.0075

mu 0.1

Inner iteration 0
	h(W(model)): 4.0000001067124196e-08
	score(model): 0.6407061172641498
	 mle: 5.372091311372369
	 mse: 2.688589149913992
	W1: tensor([[0.0001, 0.0001, 0.0001, 0.0001],
        [0.0001, 0.0001, 0.0001, 0.0001],
        [0.0001, 0.0001, 0.0001, 0.0001],
        [0.0001, 0.0001, 0.0001, 0.0001]], grad_fn=<SqrtBackward0>)
	cycle loss: 4.0000001067124196e-08
	structure loss: 0.0
	Sigma: tensor([[ 1.0000,  0.0202, -0.0388, -0.0205],
        [ 0.0202,  1.0000, -0.0215, -0.0144],
        [-0.0388, -0.0215,  1.0000, -0.0113],
        [-0.0205, -0.0144, -0.0113,  1.0000]], grad_fn=<MmBackward0>)
Check M:  tensor([[-0.0025,  0.0000,  0.0000,  0.0000],
        [-0.0071,  0.0153,  0.0000,  0.0000],
        [-0.1085,  0.0016, -0.0621,  0.0000],
        [-0.0098, -0.0251, -0.1187, -0.4388]])
Check eigenvalues:  0.9498703267084474

mu 0.1

Inner iteration 1000
	h(W(model)): 0.1888091301373025
	score(model): -0.3530140033175321
	 mle: -6.941260218573317
	 mse: 2.4856238915925135
	W1: tensor([[1.0000e-04, 3.7548e-01, 8.2292e-01, 6.9896e-01],
        [6.5096e-01, 1.0000e-04, 7.4186e-01, 1.7577e+00],
        [2.4425e-01, 2.4458e-01, 1.0000e-04, 5.6111e-01],
        [6.6742e-02, 3.7554e-02, 1.1025e-01, 1.0000e-04]],
       grad_fn=<SqrtBackward0>)
	cycle loss: 0.1888091301373025
	structure loss: 0.0
	Sigma: tensor([[1.4727, 1.2718, 0.0849, 0.2028],
        [1.2718, 1.3865, 0.6747, 0.5768],
        [0.0849, 0.6747, 1.2630, 0.8873],
        [0.2028, 0.5768, 0.8873, 1.0293]], grad_fn=<MmBackward0>)
Check M:  tensor([[-0.7652,  0.0000,  0.0000,  0.0000],
        [ 0.7641,  1.4995,  0.0000,  0.0000],
        [-0.3808, -1.4255, -0.3032,  0.0000],
        [ 0.0331,  0.1201,  0.4395, -0.1432]])
Check eigenvalues:  2.603825064618954e-05

mu 0.1

Inner iteration 2000
	h(W(model)): 0.18433418600040108
	score(model): -0.5634188887357996
	 mle: -7.503870611057029
	 mse: 2.4430390532500557
	W1: tensor([[1.0000e-04, 3.8501e-01, 7.6337e-01, 6.9907e-01],
        [6.4605e-01, 1.0000e-04, 7.0893e-01, 1.6998e+00],
        [2.5576e-01, 2.5657e-01, 1.0000e-04, 5.6891e-01],
        [6.6303e-02, 3.6308e-02, 9.1338e-02, 1.0000e-04]],
       grad_fn=<SqrtBackward0>)
	cycle loss: 0.18433418600040108
	structure loss: 0.0
	Sigma: tensor([[1.4262, 1.2249, 0.0620, 0.1715],
        [1.2249, 1.3740, 0.6860, 0.5777],
        [0.0620, 0.6860, 1.2487, 0.9040],
        [0.1715, 0.5777, 0.9040, 1.6496]], grad_fn=<MmBackward0>)
Check M:  tensor([[-0.3533,  0.0000,  0.0000,  0.0000],
        [ 0.3639,  1.2746,  0.0000,  0.0000],
        [-0.1882, -1.1819,  0.0985,  0.0000],
        [ 0.0088,  0.0587,  0.0153,  0.1626]])
Check eigenvalues:  1.2680724239171351e-05

mu 0.1

Inner iteration 3000
	h(W(model)): 0.1858393092943622
	score(model): 0.7802572324942236
	 mle: 8.166430428810969
	 mse: 2.413728600265178
	W1: tensor([[1.0000e-04, 3.7173e-01, 7.5186e-01, 6.8182e-01],
        [6.3364e-01, 1.0000e-04, 6.9485e-01, 1.6748e+00],
        [2.7110e-01, 2.7409e-01, 1.0000e-04, 5.5223e-01],
        [6.7040e-02, 3.7574e-02, 9.1295e-02, 1.0000e-04]],
       grad_fn=<SqrtBackward0>)
	cycle loss: 0.1858393092943622
	structure loss: 0.0
	Sigma: tensor([[1.3986, 1.1959, 0.0548, 0.1612],
        [1.1959, 1.3695, 0.6920, 0.5677],
        [0.0548, 0.6920, 1.2037, 0.8470],
        [0.1612, 0.5677, 0.8470, 1.4276]], grad_fn=<MmBackward0>)
Check M:  tensor([[  6.7783,   0.0000,   0.0000,   0.0000],
        [ -6.8426, -12.7817,   0.0000,   0.0000],
        [  3.8042,  12.0449,  -2.0622,   0.0000],
        [ -0.1800,  -0.5686,   2.2760,  -2.4360]])
Check eigenvalues:  1.4646988206908263e-05

mu 0.1

Inner iteration 4000
	h(W(model)): 0.17889073108900266
	score(model): -0.48938845959774624
	 mle: -6.68655101206509
	 mse: 2.3956713036200936
	W1: tensor([[1.0000e-04, 3.7515e-01, 7.2141e-01, 7.1170e-01],
        [6.3474e-01, 1.0000e-04, 6.6897e-01, 1.7250e+00],
        [2.7378e-01, 2.7593e-01, 1.0000e-04, 5.8283e-01],
        [6.3897e-02, 3.4056e-02, 8.4401e-02, 1.0000e-04]],
       grad_fn=<SqrtBackward0>)
	cycle loss: 0.17889073108900266
	structure loss: 0.0
	Sigma: tensor([[1.3754, 1.1746, 0.0438, 0.1601],
        [1.1746, 1.3635, 0.6964, 0.5657],
        [0.0438, 0.6964, 1.2093, 0.8340],
        [0.1601, 0.5657, 0.8340, 1.3431]], grad_fn=<MmBackward0>)
Check M:  tensor([[ 0.1899,  0.0000,  0.0000,  0.0000],
        [-0.1838,  0.0289,  0.0000,  0.0000],
        [ 0.1066, -0.0282,  0.1871,  0.0000],
        [-0.0056,  0.0012, -0.0984,  0.1812]])
Check eigenvalues:  3.8672269384359246e-05

mu 0.1

Inner iteration 4999
	h(W(model)): 0.18117718610488698
	score(model): -0.470378929342123
	 mle: -6.521160448460144
	 mse: 2.3875550096611167
	W1: tensor([[1.0000e-04, 3.6607e-01, 7.4136e-01, 6.6644e-01],
        [6.2645e-01, 1.0000e-04, 6.7964e-01, 1.7493e+00],
        [2.7527e-01, 2.7826e-01, 1.0000e-04, 5.5890e-01],
        [6.6351e-02, 3.4791e-02, 9.2062e-02, 1.0000e-04]],
       grad_fn=<SqrtBackward0>)
	cycle loss: 0.18117718610488698
	structure loss: 0.0
	Sigma: tensor([[1.3616, 1.1634, 0.0431, 0.1521],
        [1.1634, 1.3538, 0.6944, 0.5456],
        [0.0431, 0.6944, 1.2053, 0.7949],
        [0.1521, 0.5456, 0.7949, 0.9655]], grad_fn=<MmBackward0>)
Check M:  tensor([[ 1.3512,  0.0000,  0.0000,  0.0000],
        [-1.3690, -0.9346,  0.0000,  0.0000],
        [ 0.7859,  0.8873,  0.2097,  0.0000],
        [-0.0519, -0.0612, -0.2598,  0.1466]])
Check eigenvalues:  5.01117264259912e-05

Dagma iter t=2 -- mu: 0.05 ------------------------------
success:  False

Minimize s=1.0 -- lr=0.0075

mu 0.05

Inner iteration 0
	h(W(model)): 0.1812047025927459
	score(model): -0.14478973986989963
	 mle: 9294.363499362837
	 mse: 2.6524180637717363
	W1: tensor([[1.0000e-04, 3.6628e-01, 7.4159e-01, 6.6646e-01],
        [6.2620e-01, 1.0000e-04, 6.7929e-01, 1.7498e+00],
        [2.7533e-01, 2.7823e-01, 1.0000e-04, 5.5900e-01],
        [6.6347e-02, 3.4768e-02, 9.2109e-02, 1.0000e-04]],
       grad_fn=<SqrtBackward0>)
	cycle loss: 0.1812047025927459
	structure loss: 0.0
	Sigma: tensor([[1.3617, 1.1634, 0.0432, 0.1521],
        [1.1634, 1.3537, 0.6944, 0.5455],
        [0.0432, 0.6944, 1.2054, 0.7949],
        [0.1521, 0.5455, 0.7949, 0.9660]], grad_fn=<MmBackward0>)
Check M:  tensor([[ 1.1809,  0.0000,  0.0000,  0.0000],
        [-1.1998, -0.5137,  0.0000,  0.0000],
        [ 0.6870,  0.4877,  0.0991,  0.0000],
        [-0.0451, -0.0335, -0.1232,  0.0751]])
Check eigenvalues:  4.9981518445440185e-05
Found h negative -0.020442509754971416 at iter 29
success:  False

Minimize s=1 -- lr=0.00375

mu 0.05

Inner iteration 0
	h(W(model)): 0.1812047025927459
	score(model): -0.14478973986989963
	 mle: 2260.169833986443
	 mse: 2.4229257782588847
	W1: tensor([[1.0000e-04, 3.6628e-01, 7.4159e-01, 6.6646e-01],
        [6.2620e-01, 1.0000e-04, 6.7929e-01, 1.7498e+00],
        [2.7533e-01, 2.7823e-01, 1.0000e-04, 5.5900e-01],
        [6.6347e-02, 3.4768e-02, 9.2109e-02, 1.0000e-04]],
       grad_fn=<SqrtBackward0>)
	cycle loss: 0.1812047025927459
	structure loss: 0.0
	Sigma: tensor([[1.3617, 1.1634, 0.0432, 0.1521],
        [1.1634, 1.3537, 0.6944, 0.5455],
        [0.0432, 0.6944, 1.2054, 0.7949],
        [0.1521, 0.5455, 0.7949, 0.9660]], grad_fn=<MmBackward0>)
Check M:  tensor([[ 1.1809,  0.0000,  0.0000,  0.0000],
        [-1.1998, -0.5137,  0.0000,  0.0000],
        [ 0.6870,  0.4877,  0.0991,  0.0000],
        [-0.0451, -0.0335, -0.1232,  0.0751]])
Check eigenvalues:  4.9981518445440185e-05

mu 0.05

Inner iteration 1000
	h(W(model)): 0.16059963837846136
	score(model): 0.040470570443474546
	 mle: -2.4054405055406605
	 mse: 2.6765268961673585
	W1: tensor([[1.0000e-04, 2.6794e-01, 4.8350e-01, 6.7006e-01],
        [6.2731e-01, 1.0000e-04, 4.5861e-01, 1.7221e+00],
        [4.1169e-01, 4.4384e-01, 1.0000e-04, 7.4222e-01],
        [7.4247e-02, 3.9561e-02, 8.0962e-02, 1.0000e-04]],
       grad_fn=<SqrtBackward0>)
	cycle loss: 0.16059963837846136
	structure loss: 0.0
	Sigma: tensor([[1.4865, 1.1654, 0.0743, 0.0823],
        [1.1654, 1.4820, 0.7331, 0.7408],
        [0.0743, 0.7331, 0.8110, 0.8184],
        [0.0823, 0.7408, 0.8184, 0.9970]], grad_fn=<MmBackward0>)
Check M:  tensor([[ 0.0508,  0.0000,  0.0000,  0.0000],
        [-0.0444,  0.1102,  0.0000,  0.0000],
        [ 0.0501, -0.1681,  0.0734,  0.0000],
        [ 0.0012,  0.0024, -0.0754, -0.1031]])
Check eigenvalues:  0.001786247628433198

mu 0.05

Inner iteration 2000
	h(W(model)): 0.15151090352062035
	score(model): 0.0008901926920368008
	 mle: -3.0141256459158834
	 mse: 2.613990651253809
	W1: tensor([[1.0000e-04, 3.0899e-01, 5.1515e-01, 7.2361e-01],
        [6.2081e-01, 1.0000e-04, 4.8642e-01, 1.7453e+00],
        [3.6075e-01, 3.9193e-01, 1.0000e-04, 7.5463e-01],
        [6.0915e-02, 3.3793e-02, 7.4564e-02, 1.0000e-04]],
       grad_fn=<SqrtBackward0>)
	cycle loss: 0.15151090352062035
	structure loss: 0.0
	Sigma: tensor([[1.4409, 1.1615, 0.0478, 0.0739],
        [1.1615, 1.4596, 0.7326, 0.7059],
        [0.0478, 0.7326, 0.9275, 0.8723],
        [0.0739, 0.7059, 0.8723, 1.0136]], grad_fn=<MmBackward0>)
Check M:  tensor([[ 0.0263,  0.0000,  0.0000,  0.0000],
        [-0.0184,  0.0537,  0.0000,  0.0000],
        [ 0.0207, -0.0805,  0.0808,  0.0000],
        [ 0.0003, -0.0005, -0.0879, -0.0664]])
Check eigenvalues:  0.0013535883745325044

mu 0.05

Inner iteration 3000
	h(W(model)): 0.15130093450730064
	score(model): -0.022960741710573135
	 mle: -3.486917569771848
	 mse: 2.5699860730960014
	W1: tensor([[1.0000e-04, 3.3471e-01, 5.6356e-01, 7.5613e-01],
        [6.0711e-01, 1.0000e-04, 5.2910e-01, 1.7588e+00],
        [3.2662e-01, 3.5210e-01, 1.0000e-04, 7.5258e-01],
        [5.5092e-02, 3.1511e-02, 7.2730e-02, 1.0000e-04]],
       grad_fn=<SqrtBackward0>)
	cycle loss: 0.15130093450730064
	structure loss: 0.0
	Sigma: tensor([[1.4024, 1.1556, 0.0299, 0.0715],
        [1.1556, 1.4389, 0.7309, 0.6817],
        [0.0299, 0.7309, 1.0306, 0.9204],
        [0.0715, 0.6817, 0.9204, 1.0436]], grad_fn=<MmBackward0>)
Check M:  tensor([[ 0.0175,  0.0000,  0.0000,  0.0000],
        [-0.0101,  0.0399,  0.0000,  0.0000],
        [ 0.0111, -0.0538,  0.0841,  0.0000],
        [-0.0002,  0.0003, -0.0942, -0.0376]])
Check eigenvalues:  0.0009907427376658728

mu 0.05

Inner iteration 4000
	h(W(model)): 0.1532124519421736
	score(model): -0.04454005302245212
	 mle: -3.956774164917738
	 mse: 2.5333514226445835
	W1: tensor([[1.0000e-04, 3.5496e-01, 6.1659e-01, 7.6879e-01],
        [5.9514e-01, 1.0000e-04, 5.8074e-01, 1.7675e+00],
        [3.0111e-01, 3.1730e-01, 1.0000e-04, 7.3031e-01],
        [5.1843e-02, 3.0070e-02, 7.2486e-02, 1.0000e-04]],
       grad_fn=<SqrtBackward0>)
	cycle loss: 0.1532124519421736
	structure loss: 0.0
	Sigma: tensor([[1.3680, 1.1486, 0.0170, 0.0776],
        [1.1486, 1.4153, 0.7273, 0.6550],
        [0.0170, 0.7273, 1.1319, 0.9517],
        [0.0776, 0.6550, 0.9517, 1.0591]], grad_fn=<MmBackward0>)
Check M:  tensor([[ 0.0119,  0.0000,  0.0000,  0.0000],
        [-0.0055,  0.0319,  0.0000,  0.0000],
        [ 0.0060, -0.0382,  0.0867,  0.0000],
        [-0.0005,  0.0012, -0.0996, -0.0107]])
Check eigenvalues:  0.0006692224377947988

mu 0.05

Inner iteration 4999
	h(W(model)): 0.1561052480086229
	score(model): -0.06866609168352458
	 mle: -4.497387295051779
	 mse: 2.501486146426945
	W1: tensor([[1.0000e-04, 3.7207e-01, 6.7346e-01, 7.6528e-01],
        [5.8592e-01, 1.0000e-04, 6.3926e-01, 1.7691e+00],
        [2.7875e-01, 2.8730e-01, 1.0000e-04, 6.9063e-01],
        [5.0354e-02, 2.9289e-02, 7.3181e-02, 1.0000e-04]],
       grad_fn=<SqrtBackward0>)
	cycle loss: 0.1561052480086229
	structure loss: 0.0
	Sigma: tensor([[1.3373, 1.1407, 0.0080, 0.0907],
        [1.1407, 1.3886, 0.7215, 0.6220],
        [0.0080, 0.7215, 1.2327, 0.9584],
        [0.0907, 0.6220, 0.9584, 1.0545]], grad_fn=<MmBackward0>)
Check M:  tensor([[ 0.0083,  0.0000,  0.0000,  0.0000],
        [-0.0032,  0.0262,  0.0000,  0.0000],
        [ 0.0031, -0.0276,  0.0890,  0.0000],
        [-0.0006,  0.0017, -0.1027,  0.0168]])
Check eigenvalues:  0.00039739504341458555

Dagma iter t=3 -- mu: 0.025 ------------------------------
success:  False

Minimize s=1.0 -- lr=0.00375

mu 0.025

Inner iteration 0
	h(W(model)): 0.15610883133879616
	score(model): 0.04370644163232677
	 mle: 191.58288147074876
	 mse: 2.396197526733498
	W1: tensor([[1.0000e-04, 3.7209e-01, 6.7353e-01, 7.6527e-01],
        [5.8592e-01, 1.0000e-04, 6.3933e-01, 1.7691e+00],
        [2.7872e-01, 2.8727e-01, 1.0000e-04, 6.9058e-01],
        [5.0353e-02, 2.9289e-02, 7.3182e-02, 1.0000e-04]],
       grad_fn=<SqrtBackward0>)
	cycle loss: 0.15610883133879616
	structure loss: 0.0
	Sigma: tensor([[1.3373, 1.1407, 0.0080, 0.0907],
        [1.1407, 1.3886, 0.7215, 0.6219],
        [0.0080, 0.7215, 1.2328, 0.9584],
        [0.0907, 0.6219, 0.9584, 1.0545]], grad_fn=<MmBackward0>)
Check M:  tensor([[ 0.0041,  0.0000,  0.0000,  0.0000],
        [-0.0016,  0.0131,  0.0000,  0.0000],
        [ 0.0015, -0.0138,  0.0445,  0.0000],
        [-0.0003,  0.0009, -0.0514,  0.0084]])
Check eigenvalues:  0.0003971265020799786

mu 0.025

Inner iteration 1000
	h(W(model)): 0.11171115068886639
	score(model): 0.05705566614201443
	 mle: -2.1883576500124096
	 mse: 2.377689094301358
	W1: tensor([[1.0000e-04, 3.2095e-01, 5.2702e-01, 4.1156e-01],
        [5.4838e-01, 1.0000e-04, 4.7347e-01, 1.4810e+00],
        [3.0896e-01, 3.5235e-01, 1.0000e-04, 4.1821e-01],
        [7.3415e-02, 3.4014e-02, 7.0423e-02, 1.0000e-04]],
       grad_fn=<SqrtBackward0>)
	cycle loss: 0.11171115068886639
	structure loss: 0.0
	Sigma: tensor([[ 1.3519,  1.1051,  0.0064, -0.0344],
        [ 1.1051,  1.4717,  0.7942,  0.5089],
        [ 0.0064,  0.7942,  1.1040,  0.7388],
        [-0.0344,  0.5089,  0.7388,  0.9725]], grad_fn=<MmBackward0>)
Check M:  tensor([[ 5.2756e-03,  0.0000e+00,  0.0000e+00,  0.0000e+00],
        [-1.9909e-03,  2.3042e-03,  0.0000e+00,  0.0000e+00],
        [ 2.8860e-03, -3.8943e-03,  1.7408e-02,  0.0000e+00],
        [ 2.0765e-05,  2.1360e-04,  7.8450e-03,  2.3758e-03]])
Check eigenvalues:  0.0020355571849573506

mu 0.025

Inner iteration 2000
	h(W(model)): 0.1238217917386345
	score(model): 0.039268007165199736
	 mle: -3.3850789619508834
	 mse: 2.379441097881872
	W1: tensor([[1.0000e-04, 3.5467e-01, 7.0477e-01, 4.1841e-01],
        [5.2856e-01, 1.0000e-04, 6.4677e-01, 1.5066e+00],
        [2.4507e-01, 2.6978e-01, 1.0000e-04, 3.7179e-01],
        [6.8302e-02, 3.3684e-02, 8.3072e-02, 1.0000e-04]],
       grad_fn=<SqrtBackward0>)
	cycle loss: 0.1238217917386345
	structure loss: 0.0
	Sigma: tensor([[ 1.2472,  1.0610, -0.0213, -0.0444],
        [ 1.0610,  1.3597,  0.7567,  0.4276],
        [-0.0213,  0.7567,  1.3191,  0.7723],
        [-0.0444,  0.4276,  0.7723,  0.9120]], grad_fn=<MmBackward0>)
Check M:  tensor([[ 9.6929e-04,  0.0000e+00,  0.0000e+00,  0.0000e+00],
        [-6.6490e-05,  5.4677e-03,  0.0000e+00,  0.0000e+00],
        [ 7.6508e-04, -3.9815e-03,  2.6208e-02,  0.0000e+00],
        [ 4.9166e-05, -1.7575e-04,  2.3004e-02,  5.9141e-03]])
Check eigenvalues:  0.000698067418348551

mu 0.025

Inner iteration 3000
	h(W(model)): 0.14196087524026124
	score(model): -0.025812824556842806
	 mle: -6.275100642069535
	 mse: 2.4734150024388244
	W1: tensor([[1.0000e-04, 3.6492e-01, 8.2567e-01, 3.4222e-01],
        [5.3723e-01, 1.0000e-04, 7.9426e-01, 1.3791e+00],
        [2.3012e-01, 2.3498e-01, 1.0000e-04, 2.7719e-01],
        [7.7661e-02, 3.5207e-02, 1.0650e-01, 1.0000e-04]],
       grad_fn=<SqrtBackward0>)
	cycle loss: 0.14196087524026124
	structure loss: 0.0
	Sigma: tensor([[ 1.2335,  1.0456, -0.0414, -0.0531],
        [ 1.0456,  1.2816,  0.7233,  0.3675],
        [-0.0414,  0.7233,  1.4585,  0.7598],
        [-0.0531,  0.3675,  0.7598,  1.0780]], grad_fn=<MmBackward0>)
Check M:  tensor([[ 1.3520,  0.0000,  0.0000,  0.0000],
        [-1.4055,  0.0642,  0.0000,  0.0000],
        [ 0.7129, -0.0524,  0.0402,  0.0000],
        [ 0.0370, -0.0026,  0.0370,  0.0197]])
Check eigenvalues:  1.684896537452986e-05

mu 0.025

Inner iteration 4000
	h(W(model)): 0.14441996888895048
	score(model): -0.06722385965957911
	 mle: -8.077477510775411
	 mse: 2.4317996271241387
	W1: tensor([[1.0000e-04, 3.5970e-01, 7.9039e-01, 3.2763e-01],
        [5.3914e-01, 1.0000e-04, 7.6312e-01, 1.3680e+00],
        [2.4376e-01, 2.4756e-01, 1.0000e-04, 2.8097e-01],
        [8.4165e-02, 3.6911e-02, 1.0869e-01, 1.0000e-04]],
       grad_fn=<SqrtBackward0>)
	cycle loss: 0.14441996888895048
	structure loss: 0.0
	Sigma: tensor([[ 1.2343,  1.0410, -0.0439, -0.0627],
        [ 1.0410,  1.2979,  0.7296,  0.3532],
        [-0.0439,  0.7296,  1.4029,  0.7154],
        [-0.0627,  0.3532,  0.7154,  0.9336]], grad_fn=<MmBackward0>)
Check M:  tensor([[-0.4608,  0.0000,  0.0000,  0.0000],
        [ 0.4811, -0.1797,  0.0000,  0.0000],
        [-0.2557,  0.1470,  0.0232,  0.0000],
        [-0.0134,  0.0076,  0.0318,  0.0405]])
Check eigenvalues:  4.331478661528623e-06

mu 0.025

Inner iteration 4999
	h(W(model)): 0.1442097745186678
	score(model): -0.04270862290247124
	 mle: -7.677272660416673
	 mse: 2.4232427274747
	W1: tensor([[1.0000e-04, 3.5759e-01, 7.7585e-01, 3.2947e-01],
        [5.3933e-01, 1.0000e-04, 7.5165e-01, 1.3683e+00],
        [2.4819e-01, 2.5178e-01, 1.0000e-04, 2.8827e-01],
        [8.5778e-02, 3.7175e-02, 1.0740e-01, 1.0000e-04]],
       grad_fn=<SqrtBackward0>)
	cycle loss: 0.1442097745186678
	structure loss: 0.0
	Sigma: tensor([[ 1.2338,  1.0367, -0.0454, -0.0717],
        [ 1.0367,  1.3019,  0.7328,  0.3517],
        [-0.0454,  0.7328,  1.3830,  0.7095],
        [-0.0717,  0.3517,  0.7095,  0.9142]], grad_fn=<MmBackward0>)
Check M:  tensor([[-1.1072,  0.0000,  0.0000,  0.0000],
        [ 1.1573,  1.3284,  0.0000,  0.0000],
        [-0.6264, -1.0975,  0.0344,  0.0000],
        [-0.0367, -0.0646,  0.0491, -0.0340]])
Check eigenvalues:  2.705232656694598e-06

Dagma iter t=4 -- mu: 0.0125 ------------------------------
success:  False

Minimize s=1.0 -- lr=0.00375

mu 0.0125

Inner iteration 0
	h(W(model)): 0.14449873808383207
	score(model): 0.048546242692423594
	 mle: 73538.79817387622
	 mse: 2.614743509372062
	W1: tensor([[1.0000e-04, 3.5774e-01, 7.7600e-01, 3.2942e-01],
        [5.3925e-01, 1.0000e-04, 7.5159e-01, 1.3699e+00],
        [2.4845e-01, 2.5199e-01, 1.0000e-04, 2.8836e-01],
        [8.5800e-02, 3.7366e-02, 1.0739e-01, 1.0000e-04]],
       grad_fn=<SqrtBackward0>)
	cycle loss: 0.14449873808383207
	structure loss: 0.0
	Sigma: tensor([[ 1.2338,  1.0367, -0.0453, -0.0717],
        [ 1.0367,  1.3018,  0.7328,  0.3517],
        [-0.0453,  0.7328,  1.3830,  0.7096],
        [-0.0717,  0.3517,  0.7096,  0.9142]], grad_fn=<MmBackward0>)
Check M:  tensor([[ 0.7097,  0.0000,  0.0000,  0.0000],
        [-0.7407, -0.2230,  0.0000,  0.0000],
        [ 0.4017,  0.1837, -0.0262,  0.0000],
        [ 0.0236,  0.0107, -0.0349, -0.0111]])
Check eigenvalues:  2.704457499101048e-06

mu 0.0125

Inner iteration 1000
	h(W(model)): 0.21492095196763572
	score(model): 0.33539775235301533
	 mle: 9.629920281508333
	 mse: 2.24445881901703
	W1: tensor([[1.0000e-04, 1.9380e-01, 4.3463e-01, 3.2116e-01],
        [5.2986e-01, 1.0000e-04, 5.5388e-01, 1.1442e+00],
        [5.0257e-01, 4.8947e-01, 1.0000e-04, 4.8946e-01],
        [1.8193e-01, 1.1177e-01, 1.8576e-01, 1.0000e-04]],
       grad_fn=<SqrtBackward0>)
	cycle loss: 0.21492095196763572
	structure loss: 0.0
	Sigma: tensor([[ 1.6832,  1.0202,  0.1085, -0.0960],
        [ 1.0202,  1.4559,  0.8338,  0.2333],
        [ 0.1085,  0.8338,  0.7160,  0.2482],
        [-0.0960,  0.2333,  0.2482,  0.1570]], grad_fn=<MmBackward0>)
Check M:  tensor([[ 0.2020,  0.0000,  0.0000,  0.0000],
        [-0.2741,  0.3803,  0.0000,  0.0000],
        [ 0.2823, -0.4335, -0.1177,  0.0000],
        [ 0.0582, -0.0814,  0.7721, -0.1054]])
Check eigenvalues:  0.0005466634920227304

mu 0.0125

Inner iteration 2000
	h(W(model)): 0.15747817424070953
	score(model): 0.19449924918208666
	 mle: 2.95630414800147
	 mse: 2.2734520361752
	W1: tensor([[1.0000e-04, 2.0305e-01, 4.2997e-01, 3.2452e-01],
        [5.6940e-01, 1.0000e-04, 5.1202e-01, 1.2556e+00],
        [4.6024e-01, 4.4606e-01, 1.0000e-04, 4.0910e-01],
        [1.7716e-01, 7.3225e-02, 1.3952e-01, 1.0000e-04]],
       grad_fn=<SqrtBackward0>)
	cycle loss: 0.15747817424070953
	structure loss: 0.0
	Sigma: tensor([[ 1.6064,  1.0320,  0.0417, -0.2228],
        [ 1.0320,  1.4577,  0.8066,  0.2227],
        [ 0.0417,  0.8066,  0.7710,  0.3381],
        [-0.2228,  0.2227,  0.3381,  0.2622]], grad_fn=<MmBackward0>)
Check M:  tensor([[ 0.0735,  0.0000,  0.0000,  0.0000],
        [-0.0863,  0.1736,  0.0000,  0.0000],
        [ 0.0888, -0.1959, -0.0472,  0.0000],
        [ 0.0082, -0.0269,  0.5472, -0.0363]])
Check eigenvalues:  0.00038675268176135687

mu 0.0125

Inner iteration 3000
	h(W(model)): 0.13712028519353425
	score(model): 0.13387559118020628
	 mle: -0.26298648346103803
	 mse: 2.3140288398959648
	W1: tensor([[1.0000e-04, 2.3263e-01, 4.3797e-01, 3.2873e-01],
        [5.7843e-01, 1.0000e-04, 4.9062e-01, 1.3090e+00],
        [4.2682e-01, 4.2043e-01, 1.0000e-04, 3.7547e-01],
        [1.6165e-01, 5.4009e-02, 1.1452e-01, 1.0000e-04]],
       grad_fn=<SqrtBackward0>)
	cycle loss: 0.13712028519353425
	structure loss: 0.0
	Sigma: tensor([[ 1.5431,  1.0376, -0.0058, -0.2758],
        [ 1.0376,  1.4560,  0.7851,  0.2296],
        [-0.0058,  0.7851,  0.8256,  0.4150],
        [-0.2758,  0.2296,  0.4150,  0.3584]], grad_fn=<MmBackward0>)
Check M:  tensor([[ 0.0341,  0.0000,  0.0000,  0.0000],
        [-0.0350,  0.0904,  0.0000,  0.0000],
        [ 0.0358, -0.1011, -0.0182,  0.0000],
        [ 0.0027, -0.0134,  0.3670, -0.0123]])
Check eigenvalues:  0.00027006004305861714

mu 0.0125

Inner iteration 4000
	h(W(model)): 0.12876819668288353
	score(model): 0.10174259000289237
	 mle: -2.16460414899937
	 mse: 2.353323006055071
	W1: tensor([[1.0000e-04, 2.5786e-01, 4.5518e-01, 3.4798e-01],
        [5.7309e-01, 1.0000e-04, 4.8475e-01, 1.3363e+00],
        [3.9944e-01, 3.9984e-01, 1.0000e-04, 3.6340e-01],
        [1.4150e-01, 4.6141e-02, 1.0062e-01, 1.0000e-04]],
       grad_fn=<SqrtBackward0>)
	cycle loss: 0.12876819668288353
	structure loss: 0.0
	Sigma: tensor([[ 1.4935,  1.0389, -0.0382, -0.3063],
        [ 1.0389,  1.4490,  0.7699,  0.2440],
        [-0.0382,  0.7699,  0.8792,  0.4881],
        [-0.3063,  0.2440,  0.4881,  0.4575]], grad_fn=<MmBackward0>)
Check M:  tensor([[ 0.0172,  0.0000,  0.0000,  0.0000],
        [-0.0150,  0.0522,  0.0000,  0.0000],
        [ 0.0158, -0.0584, -0.0075,  0.0000],
        [ 0.0011, -0.0077,  0.2425,  0.0006]])
Check eigenvalues:  0.00019024531267663165

mu 0.0125

Inner iteration 4999
	h(W(model)): 0.12517216457934
	score(model): 0.08205688773753333
	 mle: -3.4513364227891046
	 mse: 2.3904769554561813
	W1: tensor([[1.0000e-04, 2.7888e-01, 4.7832e-01, 3.7448e-01],
        [5.6429e-01, 1.0000e-04, 4.8989e-01, 1.3491e+00],
        [3.7501e-01, 3.8098e-01, 1.0000e-04, 3.6147e-01],
        [1.2404e-01, 4.1926e-02, 9.2414e-02, 1.0000e-04]],
       grad_fn=<SqrtBackward0>)
	cycle loss: 0.12517216457934
	structure loss: 0.0
	Sigma: tensor([[ 1.4514,  1.0372, -0.0623, -0.3216],
        [ 1.0372,  1.4371,  0.7588,  0.2653],
        [-0.0623,  0.7588,  0.9348,  0.5609],
        [-0.3216,  0.2653,  0.5609,  0.5628]], grad_fn=<MmBackward0>)
Check M:  tensor([[ 0.0097,  0.0000,  0.0000,  0.0000],
        [-0.0070,  0.0327,  0.0000,  0.0000],
        [ 0.0079, -0.0366, -0.0024,  0.0000],
        [ 0.0002, -0.0044,  0.1619,  0.0084]])
Check eigenvalues:  0.0001345342243152331

Dagma iter t=5 -- mu: 0.00625 ------------------------------
success:  False

Minimize s=1.0 -- lr=0.00375

mu 0.00625

Inner iteration 0
	h(W(model)): 0.12516990156283037
	score(model): 0.1036054751337041
	 mle: 658.0057791129111
	 mse: 2.344980452062223
	W1: tensor([[1.0000e-04, 2.7890e-01, 4.7835e-01, 3.7451e-01],
        [5.6428e-01, 1.0000e-04, 4.8990e-01, 1.3491e+00],
        [3.7498e-01, 3.8096e-01, 1.0000e-04, 3.6147e-01],
        [1.2402e-01, 4.1922e-02, 9.2408e-02, 1.0000e-04]],
       grad_fn=<SqrtBackward0>)
	cycle loss: 0.12516990156283037
	structure loss: 0.0
	Sigma: tensor([[ 1.4513,  1.0372, -0.0623, -0.3216],
        [ 1.0372,  1.4371,  0.7588,  0.2653],
        [-0.0623,  0.7588,  0.9348,  0.5609],
        [-0.3216,  0.2653,  0.5609,  0.5629]], grad_fn=<MmBackward0>)
Check M:  tensor([[ 0.0049,  0.0000,  0.0000,  0.0000],
        [-0.0035,  0.0164,  0.0000,  0.0000],
        [ 0.0039, -0.0183, -0.0012,  0.0000],
        [ 0.0001, -0.0022,  0.0809,  0.0042]])
Check eigenvalues:  0.00013448732235178638

mu 0.00625

Inner iteration 1000
	h(W(model)): 0.05395718200366234
	score(model): 0.07137033400576015
	 mle: 2.782647311167656
	 mse: 2.559062538554976
	W1: tensor([[1.0000e-04, 2.1267e-01, 2.8928e-01, 3.5571e-01],
        [5.0873e-01, 1.0000e-04, 2.5352e-01, 1.2123e+00],
        [3.7608e-01, 4.6050e-01, 1.0000e-04, 3.4329e-01],
        [1.4423e-01, 3.7128e-02, 8.7716e-02, 1.0000e-04]],
       grad_fn=<SqrtBackward0>)
	cycle loss: 0.05395718200366234
	structure loss: 0.0
	Sigma: tensor([[ 1.5157,  1.0002, -0.0461, -0.4078],
        [ 1.0002,  1.4861,  0.8033,  0.3470],
        [-0.0461,  0.8033,  0.8629,  0.6013],
        [-0.4078,  0.3470,  0.6013,  0.6960]], grad_fn=<MmBackward0>)
Check M:  tensor([[-1.2573e-03,  0.0000e+00,  0.0000e+00,  0.0000e+00],
        [ 2.4443e-03, -2.1673e-03,  0.0000e+00,  0.0000e+00],
        [ 3.0356e-05,  1.2232e-04, -3.2927e-02,  0.0000e+00],
        [-1.4585e-03, -7.7561e-04,  2.7118e-02, -2.2869e-02]])
Check eigenvalues:  0.00341631307979134

mu 0.00625

Inner iteration 2000
	h(W(model)): 0.019760249708951294
	score(model): 0.038161249905370995
	 mle: 2.9431348620282147
	 mse: 2.7199707381382074
	W1: tensor([[1.0000e-04, 1.0911e-01, 1.2592e-01, 3.3605e-01],
        [6.0696e-01, 1.0000e-04, 1.0110e-01, 1.2971e+00],
        [4.6700e-01, 6.2067e-01, 1.0000e-04, 3.7906e-01],
        [1.2242e-01, 2.6888e-02, 4.9982e-02, 1.0000e-04]],
       grad_fn=<SqrtBackward0>)
	cycle loss: 0.019760249708951294
	structure loss: 0.0
	Sigma: tensor([[ 1.6009,  0.9408, -0.0668, -0.1882],
        [ 0.9408,  1.5656,  0.8443,  0.5471],
        [-0.0668,  0.8443,  0.8328,  0.5015],
        [-0.1882,  0.5471,  0.5015,  0.6956]], grad_fn=<MmBackward0>)
Check M:  tensor([[-9.1230e-04,  0.0000e+00,  0.0000e+00,  0.0000e+00],
        [ 1.6909e-03, -2.8521e-03,  0.0000e+00,  0.0000e+00],
        [ 6.2136e-04, -2.2420e-05, -2.3056e-02,  0.0000e+00],
        [-8.9352e-04,  2.8274e-04,  4.5692e-03, -1.4035e-02]])
Check eigenvalues:  0.011353420010745683

mu 0.00625

Inner iteration 3000
	h(W(model)): 0.0044669202287688226
	score(model): 0.02024293956975241
	 mle: 2.522860061507259
	 mse: 2.877025768451625
	W1: tensor([[1.0000e-04, 3.8640e-02, 3.2524e-02, 3.5931e-01],
        [8.9595e-01, 1.0000e-04, 3.5285e-02, 1.5470e+00],
        [6.2430e-01, 7.0006e-01, 1.0000e-04, 5.7808e-01],
        [7.2863e-02, 1.6627e-02, 1.6085e-02, 1.0000e-04]],
       grad_fn=<SqrtBackward0>)
	cycle loss: 0.0044669202287688226
	structure loss: 0.0
	Sigma: tensor([[ 1.8609,  0.9084, -0.1865, -0.0500],
        [ 0.9084,  1.6136,  0.9036,  0.6887],
        [-0.1865,  0.9036,  1.0094,  0.4735],
        [-0.0500,  0.6887,  0.4735,  0.8202]], grad_fn=<MmBackward0>)
Check M:  tensor([[-6.1343e-04,  0.0000e+00,  0.0000e+00,  0.0000e+00],
        [ 5.8012e-04, -3.1157e-04,  0.0000e+00,  0.0000e+00],
        [ 9.4599e-04, -8.8996e-04, -6.0768e-03,  0.0000e+00],
        [-3.5703e-05, -1.8943e-04,  1.1157e-03, -4.9699e-03]])
Check eigenvalues:  0.033253392949145866

mu 0.00625

Inner iteration 4000
	h(W(model)): 0.002163863671138966
	score(model): 0.017284193734161433
	 mle: 2.4181174894339734
	 mse: 2.8334536423108334
	W1: tensor([[1.0000e-04, 2.6642e-02, 1.9152e-02, 4.3905e-01],
        [9.5048e-01, 1.0000e-04, 2.0873e-02, 1.6728e+00],
        [6.5488e-01, 6.8770e-01, 1.0000e-04, 7.1679e-01],
        [4.7879e-02, 1.1615e-02, 8.6867e-03, 1.0000e-04]],
       grad_fn=<SqrtBackward0>)
	cycle loss: 0.002163863671138966
	structure loss: 0.0
	Sigma: tensor([[ 1.9239,  0.8574, -0.2952, -0.0350],
        [ 0.8574,  1.5529,  0.9070,  0.7597],
        [-0.2952,  0.9070,  1.1852,  0.5170],
        [-0.0350,  0.7597,  0.5170,  0.9948]], grad_fn=<MmBackward0>)
Check M:  tensor([[ 1.7756e-04,  0.0000e+00,  0.0000e+00,  0.0000e+00],
        [ 2.1634e-04,  2.5393e-04,  0.0000e+00,  0.0000e+00],
        [ 2.0815e-04, -1.2125e-04, -1.9431e-03,  0.0000e+00],
        [-4.3170e-06, -1.3387e-04,  5.0448e-04, -7.8790e-04]])
Check eigenvalues:  0.048461413287679285

mu 0.00625

Inner iteration 4999
	h(W(model)): 0.001470605950598669
	score(model): 0.01634885752637829
	 mle: 2.379302282171478
	 mse: 2.779398793605468
	W1: tensor([[1.0000e-04, 2.1974e-02, 1.5818e-02, 6.0718e-01],
        [9.4592e-01, 1.0000e-04, 1.7204e-02, 1.7661e+00],
        [6.5898e-01, 6.5775e-01, 1.0000e-04, 8.4424e-01],
        [2.9897e-02, 8.9805e-03, 6.3169e-03, 1.0000e-04]],
       grad_fn=<SqrtBackward0>)
	cycle loss: 0.001470605950598669
	structure loss: 0.0
	Sigma: tensor([[ 1.7863,  0.7964, -0.3080, -0.0486],
        [ 0.7964,  1.4295,  0.8521,  0.7993],
        [-0.3080,  0.8521,  1.2467,  0.5552],
        [-0.0486,  0.7993,  0.5552,  1.1351]], grad_fn=<MmBackward0>)
Check M:  tensor([[ 1.1853e-04,  0.0000e+00,  0.0000e+00,  0.0000e+00],
        [-2.8401e-05,  3.4631e-04,  0.0000e+00,  0.0000e+00],
        [-2.5016e-05,  9.7958e-05, -9.5278e-04,  0.0000e+00],
        [ 3.2879e-05, -1.3865e-04,  5.1741e-04,  2.5085e-04]])
Check eigenvalues:  0.05220862580517649

Dagma iter t=6 -- mu: 0.003125 ------------------------------
success:  False

Minimize s=1.0 -- lr=0.00375

mu 0.003125

Inner iteration 0
	h(W(model)): 0.0014701733192821198
	score(model): 0.008909136180241278
	 mle: 5.086899021000187
	 mse: 2.8200051825797976
	W1: tensor([[1.0000e-04, 2.1971e-02, 1.5817e-02, 6.0740e-01],
        [9.4591e-01, 1.0000e-04, 1.7202e-02, 1.7661e+00],
        [6.5898e-01, 6.5771e-01, 1.0000e-04, 8.4437e-01],
        [2.9882e-02, 8.9785e-03, 6.3153e-03, 1.0000e-04]],
       grad_fn=<SqrtBackward0>)
	cycle loss: 0.0014701733192821198
	structure loss: 0.0
	Sigma: tensor([[ 1.7861,  0.7963, -0.3080, -0.0487],
        [ 0.7963,  1.4293,  0.8520,  0.7994],
        [-0.3080,  0.8520,  1.2467,  0.5553],
        [-0.0487,  0.7994,  0.5553,  1.1353]], grad_fn=<MmBackward0>)
Check M:  tensor([[ 5.9208e-05,  0.0000e+00,  0.0000e+00,  0.0000e+00],
        [-1.4288e-05,  1.7315e-04,  0.0000e+00,  0.0000e+00],
        [-1.2570e-05,  4.9002e-05, -4.7612e-04,  0.0000e+00],
        [ 1.6448e-05, -6.9332e-05,  2.5874e-04,  1.2557e-04]])
Check eigenvalues:  0.052206884914931494

mu 0.003125

Inner iteration 1000
	h(W(model)): 0.00033005589359880183
	score(model): 0.009555013362832938
	 mle: 2.950699376753643
	 mse: 2.1097728347104434
	W1: tensor([[1.0000e-04, 2.2070e-02, 1.9692e-02, 4.4990e-01],
        [4.1078e-01, 1.0000e-04, 1.0979e-02, 1.5761e+00],
        [2.3763e-01, 4.4929e-01, 1.0000e-04, 6.2781e-01],
        [1.8981e-02, 6.1527e-03, 4.6221e-03, 1.0000e-04]],
       grad_fn=<SqrtBackward0>)
	cycle loss: 0.00033005589359880183
	structure loss: 0.0
	Sigma: tensor([[ 0.9735,  0.5720,  0.2256, -0.1485],
        [ 0.5720,  1.0933,  0.5434,  0.4421],
        [ 0.2256,  0.5434,  1.2281,  0.3883],
        [-0.1485,  0.4421,  0.3883,  0.9202]], grad_fn=<MmBackward0>)
Check M:  tensor([[-1.8853e-05,  0.0000e+00,  0.0000e+00,  0.0000e+00],
        [-1.7847e-05,  8.5964e-06,  0.0000e+00,  0.0000e+00],
        [-1.8965e-05, -1.4200e-05,  1.8508e-06,  0.0000e+00],
        [ 3.5966e-06, -1.6971e-05,  5.4760e-05,  1.4985e-04]])
Check eigenvalues:  0.21187534921415124

mu 0.003125

Inner iteration 2000
	h(W(model)): 0.0003239401055246116
	score(model): 0.008408185165313992
	 mle: 2.5857167896954305
	 mse: 2.411881394729497
	W1: tensor([[1.0000e-04, 1.7684e-02, 1.2116e-02, 9.1622e-01],
        [5.7524e-01, 1.0000e-04, 9.9118e-03, 1.7690e+00],
        [3.2142e-01, 4.2641e-01, 1.0000e-04, 9.2999e-01],
        [1.0006e-02, 4.8186e-03, 3.1130e-03, 1.0000e-04]],
       grad_fn=<SqrtBackward0>)
	cycle loss: 0.0003239401055246116
	structure loss: 0.0
	Sigma: tensor([[ 1.1491,  0.7220,  0.3170, -0.1808],
        [ 0.7220,  1.0489,  0.4899,  0.6562],
        [ 0.3170,  0.4899,  1.2327,  0.3521],
        [-0.1808,  0.6562,  0.3521,  1.3792]], grad_fn=<MmBackward0>)
Check M:  tensor([[-4.8853e-06,  0.0000e+00,  0.0000e+00,  0.0000e+00],
        [-1.3627e-05,  9.8416e-06,  0.0000e+00,  0.0000e+00],
        [-9.7670e-06,  5.4015e-07, -8.8799e-06,  0.0000e+00],
        [ 1.3948e-06, -2.3560e-05, -5.3506e-06,  3.8474e-05]])
Check eigenvalues:  0.08148829183763039

mu 0.003125

Inner iteration 3000
	h(W(model)): 0.00031921594024475475
	score(model): 0.007914035395353607
	 mle: 2.429031593031823
	 mse: 2.7779492143740625
	W1: tensor([[1.0000e-04, 1.4554e-02, 8.9623e-03, 1.1993e+00],
        [7.0877e-01, 1.0000e-04, 9.5069e-03, 1.9247e+00],
        [3.6481e-01, 3.8028e-01, 1.0000e-04, 1.0783e+00],
        [8.1553e-03, 4.1579e-03, 2.3335e-03, 1.0000e-04]],
       grad_fn=<SqrtBackward0>)
	cycle loss: 0.00031921594024475475
	structure loss: 0.0
	Sigma: tensor([[ 1.3183,  0.8178,  0.4245, -0.1577],
        [ 0.8178,  0.9906,  0.4031,  0.7959],
        [ 0.4245,  0.4031,  1.2360,  0.3273],
        [-0.1577,  0.7959,  0.3273,  1.9925]], grad_fn=<MmBackward0>)
Check M:  tensor([[-4.0564e-06,  0.0000e+00,  0.0000e+00,  0.0000e+00],
        [-1.1813e-05,  8.1996e-06,  0.0000e+00,  0.0000e+00],
        [-7.8916e-06,  9.9825e-07, -2.1047e-06,  0.0000e+00],
        [ 1.7357e-06, -2.3710e-05, -1.9665e-05,  1.9871e-05]])
Check eigenvalues:  0.045320262661618343

mu 0.003125

Inner iteration 4000
	h(W(model)): 0.00033475035487318117
	score(model): 0.007570304679433518
	 mle: 2.314001760414024
	 mse: 3.1845876185794824
	W1: tensor([[1.0000e-04, 1.2772e-02, 7.2176e-03, 1.4423e+00],
        [8.1166e-01, 1.0000e-04, 9.0827e-03, 2.0121e+00],
        [4.0669e-01, 3.3935e-01, 1.0000e-04, 1.1939e+00],
        [7.4900e-03, 3.8272e-03, 1.9375e-03, 1.0000e-04]],
       grad_fn=<SqrtBackward0>)
	cycle loss: 0.00033475035487318117
	structure loss: 0.0
	Sigma: tensor([[ 1.5021,  0.8893,  0.5311, -0.1505],
        [ 0.8893,  0.9459,  0.3188,  0.8772],
        [ 0.5311,  0.3188,  1.2390,  0.3360],
        [-0.1505,  0.8772,  0.3360,  2.6555]], grad_fn=<MmBackward0>)
Check M:  tensor([[-4.2500e-06,  0.0000e+00,  0.0000e+00,  0.0000e+00],
        [-1.1337e-05,  7.2947e-06,  0.0000e+00,  0.0000e+00],
        [-8.3025e-06,  2.7894e-06,  2.4544e-06,  0.0000e+00],
        [ 1.7851e-06, -2.4309e-05, -2.8615e-05,  1.5050e-05]])
Check eigenvalues:  0.02834558925683884

mu 0.003125

Inner iteration 5000
	h(W(model)): 0.00036204319529198337
	score(model): 0.00731275913868085
	 mle: 2.219686234320061
	 mse: 3.5894897766882545
	W1: tensor([[1.0000e-04, 1.1922e-02, 7.4542e-03, 1.6506e+00],
        [8.7513e-01, 1.0000e-04, 9.3056e-03, 2.0459e+00],
        [4.4419e-01, 2.9780e-01, 1.0000e-04, 1.3111e+00],
        [6.9848e-03, 3.6410e-03, 2.2757e-03, 1.0000e-04]],
       grad_fn=<SqrtBackward0>)
	cycle loss: 0.00036204319529198337
	structure loss: 0.0
	Sigma: tensor([[ 1.7046,  0.9201,  0.6687, -0.1244],
        [ 0.9201,  0.9064,  0.2166,  0.9034],
        [ 0.6687,  0.2166,  1.2440,  0.4289],
        [-0.1244,  0.9034,  0.4289,  3.2866]], grad_fn=<MmBackward0>)
Check M:  tensor([[-3.0450e-07,  0.0000e+00,  0.0000e+00,  0.0000e+00],
        [-1.5708e-05,  2.1021e-06,  0.0000e+00,  0.0000e+00],
        [-1.0915e-05,  4.1021e-06,  1.0128e-05,  0.0000e+00],
        [ 3.0342e-06, -1.9811e-05, -3.9864e-05,  4.0621e-06]])
Check eigenvalues:  0.019282814177378274

mu 0.003125

Inner iteration 6000
	h(W(model)): 0.00043717128226505864
	score(model): 0.007086518382982097
	 mle: 2.1269685958942355
	 mse: 4.038438334845724
	W1: tensor([[1.0000e-04, 1.1404e-02, 1.1647e-02, 1.8232e+00],
        [9.0930e-01, 1.0000e-04, 1.7576e-02, 2.0548e+00],
        [4.6865e-01, 2.3367e-01, 1.0000e-04, 1.4352e+00],
        [6.6550e-03, 3.6067e-03, 3.4962e-03, 1.0000e-04]],
       grad_fn=<SqrtBackward0>)
	cycle loss: 0.00043717128226505864
	structure loss: 0.0
	Sigma: tensor([[ 1.9486e+00,  8.6523e-01,  8.4139e-01, -5.0279e-04],
        [ 8.6523e-01,  8.7293e-01,  3.5677e-02,  8.5676e-01],
        [ 8.4139e-01,  3.5677e-02,  1.2436e+00,  5.6756e-01],
        [-5.0279e-04,  8.5676e-01,  5.6756e-01,  3.8204e+00]],
       grad_fn=<MmBackward0>)
Check M:  tensor([[ 1.4206e-05,  0.0000e+00,  0.0000e+00,  0.0000e+00],
        [-2.4670e-05,  2.9567e-05,  0.0000e+00,  0.0000e+00],
        [-2.1797e-05,  3.2640e-05,  1.1922e-06,  0.0000e+00],
        [ 1.0199e-05, -7.3833e-05, -1.5708e-04, -2.9468e-05]])
Check eigenvalues:  0.012631091879747078

mu 0.003125

Inner iteration 7000
	h(W(model)): 0.0005026306657311963
	score(model): 0.006915489272111811
	 mle: 2.04311285852667
	 mse: 4.220454357014343
	W1: tensor([[1.0000e-04, 1.0675e-02, 1.5581e-02, 1.8909e+00],
        [9.4718e-01, 1.0000e-04, 3.3360e-02, 2.0304e+00],
        [4.8523e-01, 1.9901e-01, 1.0000e-04, 1.4199e+00],
        [6.1813e-03, 3.5392e-03, 4.4318e-03, 1.0000e-04]],
       grad_fn=<SqrtBackward0>)
	cycle loss: 0.0005026306657311963
	structure loss: 0.0
	Sigma: tensor([[ 2.1659,  0.7788,  0.9516,  0.0056],
        [ 0.7788,  0.8879, -0.1383,  0.7652],
        [ 0.9516, -0.1383,  1.2618,  0.5385],
        [ 0.0056,  0.7652,  0.5385,  3.9785]], grad_fn=<MmBackward0>)
Check M:  tensor([[-2.3727e-05,  0.0000e+00,  0.0000e+00,  0.0000e+00],
        [ 1.0319e-05, -5.7841e-05,  0.0000e+00,  0.0000e+00],
        [ 3.7209e-06, -4.8691e-05,  2.4840e-05,  0.0000e+00],
        [-6.5463e-06, -7.5217e-06, -1.2008e-04, -6.4421e-05]])
Check eigenvalues:  0.009494106878412123

mu 0.003125

Inner iteration 7999
	h(W(model)): 0.0005539079176877237
	score(model): 0.00681624320324251
	 mle: 2.0034613466360343
	 mse: 4.313614873841249
	W1: tensor([[1.0000e-04, 1.0142e-02, 1.6263e-02, 1.9264e+00],
        [9.8270e-01, 1.0000e-04, 3.8025e-02, 2.0017e+00],
        [5.0590e-01, 2.0279e-01, 1.0000e-04, 1.4442e+00],
        [6.1490e-03, 3.5857e-03, 4.8486e-03, 1.0000e-04]],
