
Minimize s=1.0 -- lr=0.03

mu 0.1

Inner iteration 0
	h(W(model)): 4.0040603522024463e-08
	score(model): 8.63582465055358
	 mle: 71.27180477276796
	 mse: 37.882558078479256
	W1: tensor([[0.0001, 0.0001, 0.0001, 0.0001],
        [0.0001, 0.0001, 0.0001, 0.0001],
        [0.0001, 0.0001, 0.0001, 0.0001],
        [0.0001, 0.0001, 0.0001, 0.0001]], grad_fn=<SqrtBackward0>)
	cycle loss: 4.0000001067124196e-08
	structure loss: 4.060245490026758e-11
	Sigma: tensor([[ 1.0000, -0.0141, -0.0223, -0.0318],
        [-0.0141,  1.0000,  0.0021, -0.0120],
        [-0.0223,  0.0021,  1.0000,  0.0132],
        [-0.0318, -0.0120,  0.0132,  1.0000]], grad_fn=<MmBackward0>)
Check M:  tensor([[-2.3609e-02,  0.0000e+00,  0.0000e+00,  0.0000e+00],
        [-9.8934e-03,  4.8154e-05,  0.0000e+00,  0.0000e+00],
        [-1.1003e+00, -7.7306e-02, -7.7879e+00,  0.0000e+00],
        [-2.1354e-02, -1.2183e+00, -4.6956e-01, -8.6952e+00]])
Check eigenvalues:  0.9588812656839567

mu 0.1

Inner iteration 1000
	h(W(model)): 0.1175690255990239
	score(model): -0.45560280760260213
	 mle: -5.731778550489264
	 mse: 1.3651338209887411
	W1: tensor([[1.0000e-04, 4.1165e-01, 7.2004e+00, 2.1484e+00],
        [4.9543e-01, 1.0000e-04, 1.5332e+00, 7.3806e+00],
        [1.4535e-02, 1.9635e-02, 1.0000e-04, 2.9707e-01],
        [2.3348e-02, 1.2777e-02, 2.8786e-01, 1.0000e-04]],
       grad_fn=<SqrtBackward0>)
	cycle loss: 0.09137100963392442
	structure loss: 0.026198015965099478
	Sigma: tensor([[ 2.0792e-01,  1.7828e-01,  4.2905e-03, -3.1328e-03],
        [ 1.7828e-01,  1.5344e-01, -2.4431e-02,  1.4827e-04],
        [ 4.2905e-03, -2.4431e-02,  2.5707e+00,  1.4614e-01],
        [-3.1328e-03,  1.4827e-04,  1.4614e-01,  1.4107e+00]],
       grad_fn=<MmBackward0>)
Check M:  tensor([[ 0.6627,  0.0000,  0.0000,  0.0000],
        [-1.6845,  0.1454,  0.0000,  0.0000],
        [-0.0356,  0.0042,  0.1298,  0.0000],
        [-0.0172, -0.0746,  0.0604,  0.0500]])
Check eigenvalues:  0.0001408594159701072

mu 0.1

Inner iteration 2000
	h(W(model)): 0.1440565794393333
	score(model): -0.5230829607569247
	 mle: -6.697469643800533
	 mse: 1.2302081527156332
	W1: tensor([[1.0000e-04, 3.4849e-01, 7.5395e+00, 1.3860e+00],
        [5.8925e-01, 1.0000e-04, 2.8975e+00, 7.1861e+00],
        [1.4851e-02, 1.4416e-02, 1.0000e-04, 1.3418e-01],
        [3.6667e-02, 1.3630e-02, 7.4545e-01, 1.0000e-04]],
       grad_fn=<SqrtBackward0>)
	cycle loss: 0.105721089434069
	structure loss: 0.03833549000526432
	Sigma: tensor([[ 0.2131,  0.1774,  0.0021, -0.0556],
        [ 0.1774,  0.1498, -0.0051,  0.0074],
        [ 0.0021, -0.0051,  0.5100, -0.0267],
        [-0.0556,  0.0074, -0.0267,  1.6097]], grad_fn=<MmBackward0>)
Check M:  tensor([[ 0.0627,  0.0000,  0.0000,  0.0000],
        [-0.0992,  0.2086,  0.0000,  0.0000],
        [-0.0096, -0.0333,  0.0050,  0.0000],
        [ 0.0192, -0.0724,  0.0184,  0.1151]])
Check eigenvalues:  0.0001434919607455389

mu 0.1

Inner iteration 3000
	h(W(model)): 0.10650796187786946
	score(model): 1.6874034017193944
	 mle: -0.18466301567957366
	 mse: 1.737530866336315
	W1: tensor([[1.0000e-04, 3.5624e-01, 7.4602e+00, 1.6438e+00],
        [5.2632e-01, 1.0000e-04, 2.2040e+00, 7.1501e+00],
        [1.2337e-02, 1.6847e-02, 1.0000e-04, 2.2808e-01],
        [2.9938e-02, 1.2515e-02, 3.8715e-01, 1.0000e-04]],
       grad_fn=<SqrtBackward0>)
	cycle loss: 0.08252988161219044
	structure loss: 0.02397808026567902
	Sigma: tensor([[ 2.0768e-01,  1.7291e-01, -3.4913e-03, -7.2631e-04],
        [ 1.7291e-01,  1.4438e-01,  2.1478e-02,  4.7983e-04],
        [-3.4913e-03,  2.1478e-02,  1.4250e+00, -9.9542e-02],
        [-7.2631e-04,  4.7983e-04, -9.9542e-02,  3.1002e+00]],
       grad_fn=<MmBackward0>)
Check M:  tensor([[ 1.8089e+02,  0.0000e+00,  0.0000e+00,  0.0000e+00],
        [-4.7658e+02, -5.9498e+00,  0.0000e+00,  0.0000e+00],
        [ 8.2704e+00,  5.0616e+00, -5.1891e+00,  0.0000e+00],
        [ 4.4125e-01,  1.9756e-01, -2.2464e+00, -2.8225e+00]])
Check eigenvalues:  1.0740514323986239e-06

mu 0.1

Inner iteration 4000
	h(W(model)): 0.06237863799180194
	score(model): -0.3344470544881513
	 mle: -3.98384851614282
	 mse: 1.0482521276144037
	W1: tensor([[1.0000e-04, 3.0354e-01, 7.3850e+00, 2.3402e+00],
        [4.1031e-01, 1.0000e-04, 2.0267e+00, 7.4914e+00],
        [9.1167e-03, 1.3977e-02, 1.0000e-04, 3.2458e-01],
        [1.9125e-02, 9.9518e-03, 3.7708e-01, 1.0000e-04]],
       grad_fn=<SqrtBackward0>)
	cycle loss: 0.05247380005771074
	structure loss: 0.0099048379340912
	Sigma: tensor([[ 2.1642e-01,  1.7353e-01,  2.4318e-03,  2.1270e-03],
        [ 1.7353e-01,  1.4301e-01, -8.9280e-03, -5.9620e-04],
        [ 2.4318e-03, -8.9280e-03,  8.6260e-01, -1.9802e-02],
        [ 2.1270e-03, -5.9620e-04, -1.9802e-02,  9.7196e-01]],
       grad_fn=<MmBackward0>)
Check M:  tensor([[ 0.0152,  0.0000,  0.0000,  0.0000],
        [-0.0316,  0.1414,  0.0000,  0.0000],
        [ 0.0385, -0.0175,  0.0106,  0.0000],
        [-0.0011,  0.0161, -0.0203,  0.0159]])
Check eigenvalues:  0.0022614700187407032

mu 0.1

Inner iteration 4999
	h(W(model)): 0.050011095901718226
	score(model): -0.35177609577060637
	 mle: -4.028037052639529
	 mse: 0.8437814128482846
	W1: tensor([[1.0000e-04, 2.5203e-01, 7.5392e+00, 2.2545e+00],
        [4.0073e-01, 1.0000e-04, 2.5517e+00, 7.4990e+00],
        [7.0739e-03, 1.1920e-02, 1.0000e-04, 3.1017e-01],
        [1.6100e-02, 7.9490e-03, 4.0944e-01, 1.0000e-04]],
       grad_fn=<SqrtBackward0>)
	cycle loss: 0.0409880200120023
	structure loss: 0.009023075889715924
	Sigma: tensor([[ 2.2232e-01,  1.7437e-01,  1.7069e-04,  1.0780e-02],
        [ 1.7437e-01,  1.4395e-01, -1.2516e-03, -2.2550e-03],
        [ 1.7069e-04, -1.2516e-03,  5.2290e-01,  3.7076e-02],
        [ 1.0780e-02, -2.2550e-03,  3.7076e-02,  7.8942e-01]],
       grad_fn=<MmBackward0>)
Check M:  tensor([[ 0.0522,  0.0000,  0.0000,  0.0000],
        [-0.1252,  0.1465,  0.0000,  0.0000],
        [-0.0007, -0.0259,  0.0091,  0.0000],
        [ 0.0060,  0.0236,  0.0071,  0.0114]])
Check eigenvalues:  0.0043206114517188475

Dagma iter t=2 -- mu: 0.05 ------------------------------
success:  False

Minimize s=1.0 -- lr=0.03

mu 0.05

Inner iteration 0
	h(W(model)): 0.050067364749578167
	score(model): -0.15109493728561713
	 mle: 0.9111089051811225
	 mse: 1.1425658636760827
	W1: tensor([[1.0000e-04, 2.5215e-01, 7.5391e+00, 2.2555e+00],
        [4.0090e-01, 1.0000e-04, 2.5515e+00, 7.4964e+00],
        [7.0759e-03, 1.1914e-02, 1.0000e-04, 3.1041e-01],
        [1.6091e-02, 7.9532e-03, 4.0951e-01, 1.0000e-04]],
       grad_fn=<SqrtBackward0>)
	cycle loss: 0.04103829538235093
	structure loss: 0.009029069367227235
	Sigma: tensor([[ 2.2229e-01,  1.7439e-01,  1.5734e-04,  1.0703e-02],
        [ 1.7439e-01,  1.4395e-01, -1.2326e-03, -2.2942e-03],
        [ 1.5734e-04, -1.2326e-03,  5.2267e-01,  3.7314e-02],
        [ 1.0703e-02, -2.2942e-03,  3.7314e-02,  7.8915e-01]],
       grad_fn=<MmBackward0>)
Check M:  tensor([[ 0.0341,  0.0000,  0.0000,  0.0000],
        [-0.0453,  0.0747,  0.0000,  0.0000],
        [-0.0033, -0.0160,  0.0049,  0.0000],
        [ 0.0022,  0.0005,  0.0112,  0.0057]])
Check eigenvalues:  0.004297735886115887
Found h negative -0.6633154882442218 at iter 1
success:  False

Minimize s=1 -- lr=0.015

mu 0.05

Inner iteration 0
	h(W(model)): 0.050067364749578167
	score(model): -0.15109493728561713
	 mle: -2.676131714392076
	 mse: 0.9470498529606338
	W1: tensor([[1.0000e-04, 2.5215e-01, 7.5391e+00, 2.2555e+00],
        [4.0090e-01, 1.0000e-04, 2.5515e+00, 7.4964e+00],
        [7.0759e-03, 1.1914e-02, 1.0000e-04, 3.1041e-01],
        [1.6091e-02, 7.9532e-03, 4.0951e-01, 1.0000e-04]],
       grad_fn=<SqrtBackward0>)
	cycle loss: 0.04103829538235093
	structure loss: 0.009029069367227235
	Sigma: tensor([[ 2.2229e-01,  1.7439e-01,  1.5734e-04,  1.0703e-02],
        [ 1.7439e-01,  1.4395e-01, -1.2326e-03, -2.2942e-03],
        [ 1.5734e-04, -1.2326e-03,  5.2267e-01,  3.7314e-02],
        [ 1.0703e-02, -2.2942e-03,  3.7314e-02,  7.8915e-01]],
       grad_fn=<MmBackward0>)
Check M:  tensor([[ 0.0341,  0.0000,  0.0000,  0.0000],
        [-0.0453,  0.0747,  0.0000,  0.0000],
        [-0.0033, -0.0160,  0.0049,  0.0000],
        [ 0.0022,  0.0005,  0.0112,  0.0057]])
Check eigenvalues:  0.004297735886115887

mu 0.05

Inner iteration 1000
	h(W(model)): 0.08388391871748098
	score(model): -0.004986755549485661
	 mle: -6.107127302941429
	 mse: 1.342519143469479
	W1: tensor([[1.0000e-04, 3.9879e-01, 7.3371e+00, 1.6723e+00],
        [5.0213e-01, 1.0000e-04, 1.6547e+00, 7.0441e+00],
        [9.3614e-03, 1.8683e-02, 1.0000e-04, 1.7353e-01],
        [2.5423e-02, 1.0320e-02, 2.8683e-01, 1.0000e-04]],
       grad_fn=<SqrtBackward0>)
	cycle loss: 0.07085317766105304
	structure loss: 0.013030741056427944
	Sigma: tensor([[ 1.8520e-01,  1.5890e-01,  6.3342e-04,  9.2372e-03],
        [ 1.5890e-01,  1.3638e-01, -2.7427e-03, -1.7620e-03],
        [ 6.3342e-04, -2.7427e-03,  1.0548e+00,  8.3712e-02],
        [ 9.2372e-03, -1.7620e-03,  8.3712e-02,  2.7488e+00]],
       grad_fn=<MmBackward0>)
Check M:  tensor([[-17.9815,   0.0000,   0.0000,   0.0000],
        [ 48.6931,  -1.0219,   0.0000,   0.0000],
        [  0.1431,  -0.4792,  -0.2559,   0.0000],
        [  0.1642,  -0.5691,  -0.3519,  -0.9044]])
Check eigenvalues:  4.0385542616930616e-07

mu 0.05

Inner iteration 2000
	h(W(model)): 0.07556139742262176
	score(model): -0.3406956567411945
	 mle: -8.342879128049658
	 mse: 1.1681435831451583
	W1: tensor([[1.0000e-04, 3.5739e-01, 7.4810e+00, 1.8256e+00],
        [4.8869e-01, 1.0000e-04, 2.5920e+00, 7.2861e+00],
        [8.9609e-03, 1.4738e-02, 1.0000e-04, 1.7838e-01],
        [2.2852e-02, 9.1552e-03, 3.8496e-01, 1.0000e-04]],
       grad_fn=<SqrtBackward0>)
	cycle loss: 0.05865160086271981
	structure loss: 0.01690979655990195
	Sigma: tensor([[ 1.8670e-01,  1.5875e-01, -2.8299e-03,  8.0454e-03],
        [ 1.5875e-01,  1.3522e-01,  9.0971e-03, -1.2849e-03],
        [-2.8299e-03,  9.0971e-03,  8.0179e-01, -1.5066e-01],
        [ 8.0454e-03, -1.2849e-03, -1.5066e-01,  1.6419e+00]],
       grad_fn=<MmBackward0>)
Check M:  tensor([[ 0.1515,  0.0000,  0.0000,  0.0000],
        [-0.4174,  0.0783,  0.0000,  0.0000],
        [-0.0127,  0.0036,  0.0520,  0.0000],
        [ 0.0036, -0.0433, -0.0648,  0.0376]])
Check eigenvalues:  2.6229905622251208e-05

mu 0.05

Inner iteration 3000
	h(W(model)): 0.07124545955237924
	score(model): -0.3481139246237329
	 mle: -8.399820507116067
	 mse: 1.285694435790645
	W1: tensor([[1.0000e-04, 3.6223e-01, 7.5406e+00, 1.7477e+00],
        [4.9818e-01, 1.0000e-04, 2.8344e+00, 7.2537e+00],
        [8.5355e-03, 1.2311e-02, 1.0000e-04, 1.3073e-01],
        [2.4688e-02, 8.7097e-03, 5.2798e-01, 1.0000e-04]],
       grad_fn=<SqrtBackward0>)
	cycle loss: 0.05997909808734647
	structure loss: 0.011266361465032765
	Sigma: tensor([[ 1.8704e-01,  1.5952e-01, -1.9031e-03,  8.2803e-04],
        [ 1.5952e-01,  1.3617e-01,  5.5310e-03, -1.4136e-04],
        [-1.9031e-03,  5.5310e-03,  6.7589e-01, -1.6943e-02],
        [ 8.2803e-04, -1.4136e-04, -1.6943e-02,  1.8835e+00]],
       grad_fn=<MmBackward0>)
Check M:  tensor([[-0.0002,  0.0000,  0.0000,  0.0000],
        [ 0.0022,  0.0801,  0.0000,  0.0000],
        [-0.0027, -0.0500,  0.0744,  0.0000],
        [-0.0011, -0.0073, -0.0123,  0.0136]])
Check eigenvalues:  2.498244234192732e-05

mu 0.05

Inner iteration 4000
	h(W(model)): 0.08263318364573571
	score(model): -0.5098616059437397
	 mle: -12.032245294429964
	 mse: 1.065049792351597
	W1: tensor([[1.0000e-04, 3.8460e-01, 7.4060e+00, 1.8477e+00],
        [5.1645e-01, 1.0000e-04, 2.2281e+00, 7.3703e+00],
        [8.9994e-03, 1.4162e-02, 1.0000e-04, 1.7056e-01],
        [2.5558e-02, 9.3729e-03, 4.1591e-01, 1.0000e-04]],
       grad_fn=<SqrtBackward0>)
	cycle loss: 0.07106584974642605
	structure loss: 0.011567333899309667
	Sigma: tensor([[ 1.8659e-01,  1.5940e-01, -8.6367e-04, -9.7122e-05],
        [ 1.5940e-01,  1.3618e-01,  3.2056e-03, -9.7339e-05],
        [-8.6367e-04,  3.2056e-03,  1.1176e+00,  2.2590e-02],
        [-9.7122e-05, -9.7339e-05,  2.2590e-02,  1.0852e+00]],
       grad_fn=<MmBackward0>)
Check M:  tensor([[ 1.9326e+00,  0.0000e+00,  0.0000e+00,  0.0000e+00],
        [-5.2295e+00, -5.8863e-02,  0.0000e+00,  0.0000e+00],
        [ 1.8135e-02,  9.7120e-02, -7.2148e-02,  0.0000e+00],
        [-4.2668e-04,  3.1877e-03,  9.7236e-03,  3.5270e-03]])
Check eigenvalues:  1.690594267110105e-07

mu 0.05

Inner iteration 4999
	h(W(model)): 0.08328734315105701
	score(model): -0.5610738542334551
	 mle: -12.909807595705445
	 mse: 0.9829311988047914
	W1: tensor([[1.0000e-04, 3.8243e-01, 7.5284e+00, 1.8030e+00],
        [5.1759e-01, 1.0000e-04, 3.0196e+00, 7.3468e+00],
        [9.2369e-03, 1.2491e-02, 1.0000e-04, 1.2776e-01],
        [2.5966e-02, 9.3166e-03, 5.6484e-01, 1.0000e-04]],
       grad_fn=<SqrtBackward0>)
	cycle loss: 0.07171238761342735
	structure loss: 0.011574955537629661
	Sigma: tensor([[ 1.8685e-01,  1.5918e-01, -1.2860e-03, -4.1483e-04],
        [ 1.5918e-01,  1.3563e-01,  3.2876e-03, -6.8273e-05],
        [-1.2860e-03,  3.2876e-03,  9.0192e-01,  7.0354e-03],
        [-4.1483e-04, -6.8273e-05,  7.0354e-03,  1.0777e+00]],
       grad_fn=<MmBackward0>)
Check M:  tensor([[-4.5684e-01,  0.0000e+00,  0.0000e+00,  0.0000e+00],
        [ 1.2473e+00,  8.4753e-02,  0.0000e+00,  0.0000e+00],
        [-6.5322e-03, -3.5428e-02,  9.1076e-02,  0.0000e+00],
        [-6.1415e-04, -3.1998e-03,  2.4421e-02,  1.0129e-02]])
Check eigenvalues:  4.083342667205835e-07

Dagma iter t=3 -- mu: 0.025 ------------------------------
success:  False

Minimize s=1.0 -- lr=0.015

mu 0.025

Inner iteration 0
	h(W(model)): 0.08325628779558343
	score(model): -0.2393689883091215
	 mle: 27797.715339125483
	 mse: 1.1259832326306936
	W1: tensor([[1.0000e-04, 3.8248e-01, 7.5276e+00, 1.8030e+00],
        [5.1760e-01, 1.0000e-04, 3.0165e+00, 7.3467e+00],
        [9.2283e-03, 1.2479e-02, 1.0000e-04, 1.2784e-01],
        [2.5962e-02, 9.3102e-03, 5.6429e-01, 1.0000e-04]],
       grad_fn=<SqrtBackward0>)
	cycle loss: 0.0716792802639139
	structure loss: 0.011577007531669528
	Sigma: tensor([[ 1.8685e-01,  1.5918e-01, -1.2827e-03, -4.1483e-04],
        [ 1.5918e-01,  1.3563e-01,  3.2914e-03, -6.7192e-05],
        [-1.2827e-03,  3.2914e-03,  9.0507e-01,  7.3128e-03],
        [-4.1483e-04, -6.7192e-05,  7.3128e-03,  1.0780e+00]],
       grad_fn=<MmBackward0>)
Check M:  tensor([[ 0.2031,  0.0000,  0.0000,  0.0000],
        [-0.4872,  0.0425,  0.0000,  0.0000],
        [ 0.0010, -0.0168,  0.0459,  0.0000],
        [-0.0028,  0.0009,  0.0129,  0.0052]])
Check eigenvalues:  4.0384913738547866e-07

mu 0.025

Inner iteration 1000
	h(W(model)): 0.08894797156743553
	score(model): 0.042884051512226046
	 mle: -2.0698518842900793
	 mse: 7.511436604322434
	W1: tensor([[1.0000e-04, 2.7245e-01, 7.1054e+00, 5.9110e-01],
        [5.8429e-01, 1.0000e-04, 1.4587e+00, 3.3424e+00],
        [1.1228e-02, 2.2066e-02, 1.0000e-04, 8.6727e-02],
        [5.2442e-02, 4.2165e-02, 2.6757e-01, 1.0000e-04]],
       grad_fn=<SqrtBackward0>)
	cycle loss: 0.06970879545327024
	structure loss: 0.019239176114165285
	Sigma: tensor([[ 2.4026e-01,  1.3662e-01,  1.2445e-03,  2.9299e-03],
        [ 1.3662e-01,  7.8025e-02, -7.1691e-03,  1.4927e-04],
        [ 1.2445e-03, -7.1691e-03,  5.7183e-01,  2.5360e-01],
        [ 2.9299e-03,  1.4927e-04,  2.5360e-01,  4.2179e+00]],
       grad_fn=<MmBackward0>)
Check M:  tensor([[ 0.0707,  0.0000,  0.0000,  0.0000],
        [-0.2256,  0.0180,  0.0000,  0.0000],
        [ 0.0147,  0.0057,  0.0006,  0.0000],
        [ 0.0006, -0.0350,  0.0576,  0.0962]])
Check eigenvalues:  0.0001728387485182604

mu 0.025

Inner iteration 2000
	h(W(model)): 0.06225751714307355
	score(model): -0.06811865730556212
	 mle: -5.219822632593953
	 mse: 2.1167929957155596
	W1: tensor([[1.0000e-04, 2.6848e-01, 7.3171e+00, 1.2638e+00],
        [6.0087e-01, 1.0000e-04, 1.7519e+00, 6.3770e+00],
        [8.5509e-03, 1.4430e-02, 1.0000e-04, 1.1663e-01],
        [3.1138e-02, 1.1788e-02, 3.1918e-01, 1.0000e-04]],
       grad_fn=<SqrtBackward0>)
	cycle loss: 0.0493644809366911
	structure loss: 0.01289303620638245
	Sigma: tensor([[ 2.2878e-01,  1.4517e-01,  1.2296e-03, -2.9442e-03],
        [ 1.4517e-01,  9.2451e-02, -7.0898e-03,  4.6584e-04],
        [ 1.2296e-03, -7.0898e-03,  5.7491e-01,  1.2475e-01],
        [-2.9442e-03,  4.6584e-04,  1.2475e-01,  3.8842e+00]],
       grad_fn=<MmBackward0>)
Check M:  tensor([[ 3.2876e-02,  0.0000e+00,  0.0000e+00,  0.0000e+00],
        [-5.9738e-02,  3.0862e-02,  0.0000e+00,  0.0000e+00],
        [-9.0978e-05,  1.3147e-02,  3.3726e-03,  0.0000e+00],
        [-1.2231e-05, -1.3975e-02,  2.1999e-02,  9.5425e-03]])
Check eigenvalues:  0.00015649542750303968

mu 0.025

Inner iteration 3000
	h(W(model)): 0.056120602975931584
	score(model): -0.08758387857663569
	 mle: -5.752921531063066
	 mse: 1.7303264625837598
	W1: tensor([[1.0000e-04, 2.7246e-01, 7.3931e+00, 1.4187e+00],
        [5.9237e-01, 1.0000e-04, 2.0782e+00, 6.7600e+00],
        [7.1725e-03, 1.1423e-02, 1.0000e-04, 9.1152e-02],
        [2.8742e-02, 8.8375e-03, 4.7775e-01, 1.0000e-04]],
       grad_fn=<SqrtBackward0>)
	cycle loss: 0.044972453635136134
	structure loss: 0.01114814934079545
	Sigma: tensor([[ 2.1872e-01,  1.4753e-01,  1.5562e-03, -6.3025e-03],
        [ 1.4753e-01,  9.9826e-02, -6.7749e-03,  8.7205e-04],
        [ 1.5562e-03, -6.7749e-03,  5.7955e-01,  2.1546e-02],
        [-6.3025e-03,  8.7205e-04,  2.1546e-02,  3.1233e+00]],
       grad_fn=<MmBackward0>)
Check M:  tensor([[ 2.2433e-02,  0.0000e+00,  0.0000e+00,  0.0000e+00],
        [-2.1534e-02,  3.3310e-02,  0.0000e+00,  0.0000e+00],
        [-1.1808e-05,  7.1314e-03,  3.8437e-03,  0.0000e+00],
        [ 5.3521e-06, -3.2264e-03,  6.0411e-03,  1.0069e-02]])
Check eigenvalues:  0.00013801948094743245

mu 0.025

Inner iteration 4000
	h(W(model)): 0.05547503213751852
	score(model): -0.09996548127222567
	 mle: -6.222557776685215
	 mse: 1.4457624265479123
	W1: tensor([[1.0000e-04, 2.8359e-01, 7.4478e+00, 1.5182e+00],
        [5.8007e-01, 1.0000e-04, 2.2844e+00, 6.9940e+00],
        [6.5607e-03, 9.5815e-03, 1.0000e-04, 7.4714e-02],
        [2.7704e-02, 7.7787e-03, 6.0313e-01, 1.0000e-04]],
       grad_fn=<SqrtBackward0>)
	cycle loss: 0.04459916930386543
	structure loss: 0.010875862833653091
	Sigma: tensor([[ 2.0715e-01,  1.4700e-01,  1.8226e-03, -6.2483e-03],
        [ 1.4700e-01,  1.0460e-01, -6.2932e-03,  8.4441e-04],
        [ 1.8226e-03, -6.2932e-03,  5.8026e-01,  2.8847e-03],
        [-6.2483e-03,  8.4441e-04,  2.8847e-03,  2.2778e+00]],
       grad_fn=<MmBackward0>)
Check M:  tensor([[ 1.6270e-02,  0.0000e+00,  0.0000e+00,  0.0000e+00],
        [-7.9890e-03,  3.4186e-02,  0.0000e+00,  0.0000e+00],
        [-4.7137e-06,  3.1047e-03,  4.5849e-03,  0.0000e+00],
        [ 1.0994e-06, -3.1146e-05, -8.6743e-05,  7.1985e-03]])
Check eigenvalues:  0.00011857032226142769

mu 0.025

Inner iteration 4999
	h(W(model)): 0.05652910976031841
	score(model): -0.11194378082580378
	 mle: -6.744020526209035
	 mse: 1.2301693487640721
	W1: tensor([[1.0000e-04, 2.9868e-01, 7.4831e+00, 1.5721e+00],
        [5.6805e-01, 1.0000e-04, 2.4164e+00, 7.1413e+00],
        [6.4133e-03, 8.5565e-03, 1.0000e-04, 6.7110e-02],
        [2.7149e-02, 7.2622e-03, 6.8629e-01, 1.0000e-04]],
       grad_fn=<SqrtBackward0>)
	cycle loss: 0.04613862503536881
	structure loss: 0.010390484724949606
	Sigma: tensor([[ 1.9440e-01,  1.4444e-01,  1.9491e-03, -5.8150e-03],
        [ 1.4444e-01,  1.0758e-01, -5.6992e-03,  7.5768e-04],
        [ 1.9491e-03, -5.6992e-03,  5.7724e-01,  2.3662e-04],
        [-5.8150e-03,  7.5768e-04,  2.3662e-04,  1.6430e+00]],
       grad_fn=<MmBackward0>)
Check M:  tensor([[ 1.0776e-02,  0.0000e+00,  0.0000e+00,  0.0000e+00],
        [-3.1192e-03,  3.5598e-02,  0.0000e+00,  0.0000e+00],
        [-1.7978e-06,  3.5452e-03,  5.9098e-03,  0.0000e+00],
        [ 1.8088e-06, -6.8983e-04, -2.7753e-03,  3.8642e-03]])
Check eigenvalues:  9.411982388166562e-05

Dagma iter t=4 -- mu: 0.0125 ------------------------------
success:  False

Minimize s=1.0 -- lr=0.015

mu 0.0125

Inner iteration 0
	h(W(model)): 0.05653112658189572
	score(model): -0.02771223234058149
	 mle: 52.06140025806155
	 mse: 1.4062716179482346
	W1: tensor([[1.0000e-04, 2.9870e-01, 7.4832e+00, 1.5722e+00],
        [5.6804e-01, 1.0000e-04, 2.4165e+00, 7.1414e+00],
        [6.4134e-03, 8.5558e-03, 1.0000e-04, 6.7104e-02],
        [2.7149e-02, 7.2619e-03, 6.8636e-01, 1.0000e-04]],
       grad_fn=<SqrtBackward0>)
	cycle loss: 0.046141170973700074
	structure loss: 0.010389955608195646
	Sigma: tensor([[ 1.9439e-01,  1.4444e-01,  1.9491e-03, -5.8148e-03],
        [ 1.4444e-01,  1.0758e-01, -5.6985e-03,  7.5763e-04],
        [ 1.9491e-03, -5.6985e-03,  5.7724e-01,  2.3304e-04],
        [-5.8148e-03,  7.5763e-04,  2.3304e-04,  1.6425e+00]],
       grad_fn=<MmBackward0>)
Check M:  tensor([[ 0.0149,  0.0000,  0.0000,  0.0000],
        [ 0.0250,  0.0191,  0.0000,  0.0000],
        [-0.0016, -0.0007,  0.0030,  0.0000],
        [ 0.0002,  0.0002, -0.0013,  0.0019]])
Check eigenvalues:  9.409148204645756e-05

mu 0.0125

Inner iteration 1000
	h(W(model)): 0.022127607429064437
	score(model): -0.041230445954621324
	 mle: -5.079748545359373
	 mse: 1.1833963620481853
	W1: tensor([[1.0000e-04, 2.3415e-01, 7.4956e+00, 1.6772e+00],
        [4.4459e-01, 1.0000e-04, 2.1319e+00, 7.3286e+00],
        [3.3453e-03, 7.6165e-03, 1.0000e-04, 1.2269e-01],
        [1.5448e-02, 3.2104e-03, 3.3940e-01, 1.0000e-04]],
       grad_fn=<SqrtBackward0>)
	cycle loss: 0.01678155604930076
	structure loss: 0.005346051379763676
	Sigma: tensor([[ 1.5866e-01,  1.3115e-01, -1.0918e-03,  7.3221e-03],
        [ 1.3115e-01,  1.0905e-01,  5.8757e-03, -7.9417e-04],
        [-1.0918e-03,  5.8757e-03,  7.0916e-01,  1.6582e-02],
        [ 7.3221e-03, -7.9417e-04,  1.6582e-02,  1.2173e+00]],
       grad_fn=<MmBackward0>)
Check M:  tensor([[-1.7015e-03,  0.0000e+00,  0.0000e+00,  0.0000e+00],
        [ 6.2785e-03,  4.5034e-03,  0.0000e+00,  0.0000e+00],
        [ 2.2539e-03, -3.2626e-03,  5.2442e-03,  0.0000e+00],
        [ 3.2247e-05,  8.3339e-04, -1.9959e-03,  1.4769e-03]])
Check eigenvalues:  0.0003187108849215292

mu 0.0125

Inner iteration 2000
	h(W(model)): 0.03127905783444706
	score(model): -0.07311641511858075
	 mle: -8.376553736376144
	 mse: 1.0249022569741029
	W1: tensor([[1.0000e-04, 2.3026e-01, 7.5689e+00, 1.5277e+00],
        [4.7140e-01, 1.0000e-04, 2.9441e+00, 7.1714e+00],
        [5.2527e-03, 7.0999e-03, 1.0000e-04, 6.1609e-02],
        [2.2173e-02, 4.7958e-03, 5.4973e-01, 1.0000e-04]],
       grad_fn=<SqrtBackward0>)
	cycle loss: 0.02049226359445644
	structure loss: 0.01078679423999062
	Sigma: tensor([[ 0.1556,  0.1259, -0.0039,  0.0198],
        [ 0.1259,  0.1029,  0.0123, -0.0019],
        [-0.0039,  0.0123,  0.3014,  0.0217],
        [ 0.0198, -0.0019,  0.0217,  1.6488]], grad_fn=<MmBackward0>)
Check M:  tensor([[ 0.0308,  0.0000,  0.0000,  0.0000],
        [-0.1001,  0.0106,  0.0000,  0.0000],
        [ 0.0115, -0.0041,  0.0176,  0.0000],
        [-0.0027, -0.0037, -0.0055,  0.0168]])
Check eigenvalues:  2.743209039466509e-05

mu 0.0125

Inner iteration 3000
	h(W(model)): 0.04562197457077444
	score(model): -0.021630264355849166
	 mle: -5.4023874026860765
	 mse: 1.2816469853482164
	W1: tensor([[1.0000e-04, 2.2674e-01, 7.5081e+00, 1.3907e+00],
        [4.4896e-01, 1.0000e-04, 2.9912e+00, 6.7800e+00],
        [1.0655e-02, 1.5718e-02, 1.0000e-04, 7.3473e-02],
        [2.8876e-02, 1.1431e-02, 5.6182e-01, 1.0000e-04]],
       grad_fn=<SqrtBackward0>)
	cycle loss: 0.038420099668528884
	structure loss: 0.007201874902245553
	Sigma: tensor([[ 0.1578,  0.1274, -0.0026,  0.0149],
        [ 0.1274,  0.1039,  0.0076, -0.0018],
        [-0.0026,  0.0076,  0.1229,  0.0133],
        [ 0.0149, -0.0018,  0.0133,  1.2938]], grad_fn=<MmBackward0>)
Check M:  tensor([[ 0.0823,  0.0000,  0.0000,  0.0000],
        [-0.2588, -0.0175,  0.0000,  0.0000],
        [ 0.0246, -0.0867, -0.0040,  0.0000],
        [-0.0162, -0.0103, -0.0127,  0.0024]])
Check eigenvalues:  8.219851071889026e-05

mu 0.0125

Inner iteration 4000
	h(W(model)): 0.025088124269197813
	score(model): -0.05140962013926471
	 mle: -6.133145792537309
	 mse: 1.6824547336134754
	W1: tensor([[1.0000e-04, 2.0664e-01, 7.4665e+00, 1.3042e+00],
        [4.5170e-01, 1.0000e-04, 2.4844e+00, 6.7870e+00],
        [4.7390e-03, 7.0760e-03, 1.0000e-04, 6.0461e-02],
        [2.4085e-02, 4.7789e-03, 5.2470e-01, 1.0000e-04]],
       grad_fn=<SqrtBackward0>)
	cycle loss: 0.016017929618961535
	structure loss: 0.009070194650236278
	Sigma: tensor([[ 1.5622e-01,  1.2855e-01, -3.8870e-03, -5.5727e-03],
        [ 1.2855e-01,  1.0704e-01,  1.4274e-02,  2.9804e-04],
        [-3.8870e-03,  1.4274e-02,  2.8831e-01, -1.0291e-02],
        [-5.5727e-03,  2.9804e-04, -1.0291e-02,  2.7465e+00]],
       grad_fn=<MmBackward0>)
Check M:  tensor([[ 0.0014,  0.0000,  0.0000,  0.0000],
        [-0.0056,  0.0104,  0.0000,  0.0000],
        [ 0.0039, -0.0119,  0.0160,  0.0000],
        [-0.0039, -0.0041, -0.0005,  0.0028]])
Check eigenvalues:  0.00011121191340814834

mu 0.0125

Inner iteration 4999
	h(W(model)): 0.035048536857480724
	score(model): -0.07106473338440603
	 mle: -8.498518135067236
	 mse: 1.5003417232806309
	W1: tensor([[1.0000e-04, 2.1780e-01, 7.5576e+00, 1.3247e+00],
        [4.6643e-01, 1.0000e-04, 3.3741e+00, 6.6045e+00],
        [5.8359e-03, 7.4613e-03, 1.0000e-04, 4.0362e-02],
        [2.6140e-02, 6.2935e-03, 6.7128e-01, 1.0000e-04]],
       grad_fn=<SqrtBackward0>)
	cycle loss: 0.02021376143542364
	structure loss: 0.014834775422057085
	Sigma: tensor([[ 1.5505e-01,  1.2680e-01, -6.7725e-03, -9.0164e-04],
        [ 1.2680e-01,  1.0528e-01,  1.6519e-02,  1.8001e-05],
        [-6.7725e-03,  1.6519e-02,  3.1241e-01,  1.0189e-02],
        [-9.0164e-04,  1.8001e-05,  1.0189e-02,  2.7492e+00]],
       grad_fn=<MmBackward0>)
Check M:  tensor([[-0.0383,  0.0000,  0.0000,  0.0000],
        [ 0.1180,  0.0351,  0.0000,  0.0000],
        [-0.0199, -0.0003,  0.0161,  0.0000],
        [-0.0018,  0.0047, -0.0002,  0.0054]])
Check eigenvalues:  1.5035663786776116e-05

Dagma iter t=5 -- mu: 0.00625 ------------------------------
success:  False

Minimize s=1.0 -- lr=0.015

mu 0.00625

Inner iteration 0
	h(W(model)): 0.035021187139985914
	score(model): -0.01806600991362793
	 mle: 528.2651664924687
	 mse: 1.6404388581562084
	W1: tensor([[1.0000e-04, 2.1778e-01, 7.5576e+00, 1.3243e+00],
        [4.6642e-01, 1.0000e-04, 3.3747e+00, 6.6038e+00],
        [5.8687e-03, 7.4808e-03, 1.0000e-04, 4.0341e-02],
        [2.6117e-02, 6.2399e-03, 6.7129e-01, 1.0000e-04]],
       grad_fn=<SqrtBackward0>)
	cycle loss: 0.02020968337669471
	structure loss: 0.014811503763291205
	Sigma: tensor([[ 1.5505e-01,  1.2680e-01, -6.7421e-03, -8.5267e-04],
        [ 1.2680e-01,  1.0528e-01,  1.6524e-02,  1.6081e-05],
        [-6.7421e-03,  1.6524e-02,  3.1231e-01,  9.7588e-03],
        [-8.5267e-04,  1.6081e-05,  9.7588e-03,  2.7508e+00]],
       grad_fn=<MmBackward0>)
Check M:  tensor([[-0.0114,  0.0000,  0.0000,  0.0000],
        [ 0.0634,  0.0269,  0.0000,  0.0000],
        [-0.0155,  0.0194,  0.0082,  0.0000],
        [-0.0017,  0.0048,  0.0002,  0.0027]])
Check eigenvalues:  1.5036485034526652e-05

mu 0.00625

Inner iteration 1000
	h(W(model)): 0.007063021990129496
	score(model): -0.008156826140535985
	 mle: -2.4418557611691103
	 mse: 2.007472843284312
	W1: tensor([[1.0000e-04, 1.4972e-01, 7.4266e+00, 1.2905e+00],
        [2.6596e-01, 1.0000e-04, 1.7147e+00, 6.5725e+00],
        [1.5591e-03, 4.4165e-03, 1.0000e-04, 7.8065e-02],
        [1.2028e-02, 1.5645e-03, 3.2287e-01, 1.0000e-04]],
       grad_fn=<SqrtBackward0>)
	cycle loss: 0.003123697924123814
	structure loss: 0.003939324066005682
	Sigma: tensor([[ 1.5861e-01,  1.3283e-01, -1.8384e-03, -1.7859e-04],
        [ 1.3283e-01,  1.1753e-01,  1.6784e-02, -7.7223e-06],
        [-1.8384e-03,  1.6784e-02,  3.0302e-01,  1.1182e-02],
        [-1.7859e-04, -7.7223e-06,  1.1182e-02,  3.3578e+00]],
       grad_fn=<MmBackward0>)
Check M:  tensor([[ 0.0005,  0.0000,  0.0000,  0.0000],
        [-0.0014,  0.0082,  0.0000,  0.0000],
        [ 0.0046,  0.0057, -0.0028,  0.0000],
        [-0.0010, -0.0001,  0.0001,  0.0010]])
Check eigenvalues:  0.003017810017131073

mu 0.00625

Inner iteration 2000
	h(W(model)): 0.00743610723516972
	score(model): -0.017926458025579038
	 mle: -4.063634284235794
	 mse: 1.1685904631886388
	W1: tensor([[1.0000e-04, 1.6709e-01, 7.5395e+00, 1.7114e+00],
        [3.3315e-01, 1.0000e-04, 3.0456e+00, 7.2330e+00],
        [1.3337e-03, 2.0747e-03, 1.0000e-04, 4.1139e-02],
        [9.3835e-03, 1.2320e-03, 6.2903e-01, 1.0000e-04]],
       grad_fn=<SqrtBackward0>)
	cycle loss: 0.004513896357045688
	structure loss: 0.0029222108781240316
	Sigma: tensor([[ 1.4776e-01,  1.2688e-01, -1.6007e-03,  2.0792e-03],
        [ 1.2688e-01,  1.1136e-01,  4.5761e-03, -1.6853e-04],
        [-1.6007e-03,  4.5761e-03,  3.0767e-01,  1.9691e-03],
        [ 2.0792e-03, -1.6853e-04,  1.9691e-03,  1.5398e+00]],
       grad_fn=<MmBackward0>)
Check M:  tensor([[ 2.2803e-04,  0.0000e+00,  0.0000e+00,  0.0000e+00],
        [ 4.0340e-04,  2.4150e-03,  0.0000e+00,  0.0000e+00],
        [-1.1930e-05, -1.0132e-04,  4.5080e-04,  0.0000e+00],
        [-9.4152e-06,  3.3091e-06, -2.2720e-06,  6.3291e-05]])
Check eigenvalues:  0.0013164195978923015

mu 0.00625

Inner iteration 3000
	h(W(model)): 0.009068657296791103
	score(model): -0.021071700877238506
	 mle: -4.828125879570463
	 mse: 1.0599033134632414
	W1: tensor([[1.0000e-04, 1.6672e-01, 7.6160e+00, 1.8254e+00],
        [3.8895e-01, 1.0000e-04, 3.5426e+00, 7.2686e+00],
        [1.3149e-03, 1.2626e-03, 1.0000e-04, 2.4875e-02],
        [9.8884e-03, 1.4114e-03, 9.4655e-01, 1.0000e-04]],
       grad_fn=<SqrtBackward0>)
	cycle loss: 0.005570559510055251
	structure loss: 0.003498097786735852
	Sigma: tensor([[ 1.4323e-01,  1.1940e-01, -2.1652e-03,  3.3532e-03],
        [ 1.1940e-01,  1.0084e-01,  3.7472e-03, -3.1541e-04],
        [-2.1652e-03,  3.7472e-03,  2.5681e-01,  9.8940e-04],
        [ 3.3532e-03, -3.1541e-04,  9.8940e-04,  1.3465e+00]],
       grad_fn=<MmBackward0>)
Check M:  tensor([[ 1.0044e-04,  0.0000e+00,  0.0000e+00,  0.0000e+00],
        [ 2.4349e-04,  1.3403e-03,  0.0000e+00,  0.0000e+00],
        [ 6.8989e-06, -6.8636e-04,  1.0416e-03,  0.0000e+00],
        [-1.0633e-06,  5.3909e-06, -2.9221e-06,  2.0441e-06]])
Check eigenvalues:  0.0006925022626883982

mu 0.00625

Inner iteration 4000
	h(W(model)): 0.01636464636901297
	score(model): -0.027204359589213266
	 mle: -6.990441712411834
	 mse: 1.0425493477592556
	W1: tensor([[1.0000e-04, 1.8366e-01, 7.6881e+00, 1.6771e+00],
        [4.6822e-01, 1.0000e-04, 3.8461e+00, 7.1888e+00],
        [1.9900e-03, 1.7523e-03, 1.0000e-04, 2.0519e-02],
        [1.6546e-02, 2.4044e-03, 1.0805e+00, 1.0000e-04]],
       grad_fn=<SqrtBackward0>)
	cycle loss: 0.010021811734120867
	structure loss: 0.006342834634892103
	Sigma: tensor([[ 1.3843e-01,  1.1012e-01, -3.6350e-03,  1.4213e-02],
        [ 1.1012e-01,  8.8208e-02,  5.3569e-03, -1.2899e-03],
        [-3.6350e-03,  5.3569e-03,  1.9578e-01,  6.6911e-03],
        [ 1.4213e-02, -1.2899e-03,  6.6911e-03,  1.2953e+00]],
       grad_fn=<MmBackward0>)
Check M:  tensor([[ 9.7340e-05,  0.0000e+00,  0.0000e+00,  0.0000e+00],
        [ 9.8864e-04,  1.5447e-04,  0.0000e+00,  0.0000e+00],
        [ 1.4271e-05, -2.0196e-03,  7.0871e-03,  0.0000e+00],
        [-2.8975e-05,  8.8525e-05, -2.3231e-04,  2.3581e-03]])
Check eigenvalues:  8.122918842087674e-05

mu 0.00625

Inner iteration 4999
	h(W(model)): 0.01796994617986491
	score(model): -0.046674048824114495
	 mle: -10.338886168961267
	 mse: 1.1373727009701662
	W1: tensor([[1.0000e-04, 1.7793e-01, 7.6600e+00, 1.3648e+00],
        [4.8475e-01, 1.0000e-04, 3.9054e+00, 6.9483e+00],
        [2.7698e-03, 2.9140e-03, 1.0000e-04, 2.4056e-02],
        [2.1299e-02, 2.8679e-03, 9.1081e-01, 1.0000e-04]],
       grad_fn=<SqrtBackward0>)
	cycle loss: 0.011006719168617618
	structure loss: 0.006963227011247294
	Sigma: tensor([[ 1.3650e-01,  1.0857e-01, -4.0861e-03,  1.1772e-02],
        [ 1.0857e-01,  8.7083e-02,  7.2555e-03, -9.0855e-04],
        [-4.0861e-03,  7.2555e-03,  1.6286e-01,  6.6451e-03],
        [ 1.1772e-02, -9.0855e-04,  6.6451e-03,  2.2926e+00]],
       grad_fn=<MmBackward0>)
Check M:  tensor([[ 0.0678,  0.0000,  0.0000,  0.0000],
        [-0.2280, -0.0043,  0.0000,  0.0000],
        [ 0.0175,  0.0070,  0.0100,  0.0000],
        [-0.0036, -0.0006, -0.0021,  0.0098]])
Check eigenvalues:  2.7238287240674654e-06

Dagma iter t=6 -- mu: 0.003125 ------------------------------
success:  False

Minimize s=1.0 -- lr=0.015

mu 0.003125

Inner iteration 0
	h(W(model)): 0.01796894553657992
	score(model): -0.014324873917582165
	 mle: 4085.955357905549
	 mse: 1.2301390056588284
	W1: tensor([[1.0000e-04, 1.7807e-01, 7.6607e+00, 1.3638e+00],
        [4.8489e-01, 1.0000e-04, 3.9083e+00, 6.9444e+00],
        [2.7117e-03, 2.8918e-03, 1.0000e-04, 2.4307e-02],
        [2.1307e-02, 2.8779e-03, 9.1138e-01, 1.0000e-04]],
       grad_fn=<SqrtBackward0>)
	cycle loss: 0.011007974081539196
	structure loss: 0.006960971455040724
	Sigma: tensor([[ 1.3648e-01,  1.0859e-01, -4.1107e-03,  1.1754e-02],
        [ 1.0859e-01,  8.7124e-02,  7.2258e-03, -8.8071e-04],
        [-4.1107e-03,  7.2258e-03,  1.6293e-01,  6.8899e-03],
        [ 1.1754e-02, -8.8071e-04,  6.8899e-03,  2.3029e+00]],
       grad_fn=<MmBackward0>)
Check M:  tensor([[-1.0668e-01,  0.0000e+00,  0.0000e+00,  0.0000e+00],
        [ 3.8521e-01,  5.0074e-04,  0.0000e+00,  0.0000e+00],
        [-2.4635e-02,  1.1840e-02,  5.3491e-03,  0.0000e+00],
        [-2.5503e-04,  7.9181e-04, -1.7099e-05,  4.7791e-03]])
Check eigenvalues:  2.6455736567198267e-06
Found h negative -0.6868223665432831 at iter 5
success:  False

Minimize s=1 -- lr=0.0075

mu 0.003125

Inner iteration 0
	h(W(model)): 0.01796894553657992
	score(model): -0.014324873917582165
	 mle: 1027.9975297155388
	 mse: 1.1641137612436638
	W1: tensor([[1.0000e-04, 1.7807e-01, 7.6607e+00, 1.3638e+00],
        [4.8489e-01, 1.0000e-04, 3.9083e+00, 6.9444e+00],
        [2.7117e-03, 2.8918e-03, 1.0000e-04, 2.4307e-02],
        [2.1307e-02, 2.8779e-03, 9.1138e-01, 1.0000e-04]],
       grad_fn=<SqrtBackward0>)
	cycle loss: 0.011007974081539196
	structure loss: 0.006960971455040724
	Sigma: tensor([[ 1.3648e-01,  1.0859e-01, -4.1107e-03,  1.1754e-02],
        [ 1.0859e-01,  8.7124e-02,  7.2258e-03, -8.8071e-04],
        [-4.1107e-03,  7.2258e-03,  1.6293e-01,  6.8899e-03],
        [ 1.1754e-02, -8.8071e-04,  6.8899e-03,  2.3029e+00]],
       grad_fn=<MmBackward0>)
Check M:  tensor([[-1.0668e-01,  0.0000e+00,  0.0000e+00,  0.0000e+00],
        [ 3.8521e-01,  5.0074e-04,  0.0000e+00,  0.0000e+00],
        [-2.4635e-02,  1.1840e-02,  5.3491e-03,  0.0000e+00],
        [-2.5503e-04,  7.9181e-04, -1.7099e-05,  4.7791e-03]])
Check eigenvalues:  2.6455736567198267e-06

mu 0.003125

Inner iteration 1000
	h(W(model)): 0.009519387832289438
	score(model): -0.007840312437763593
	 mle: -5.560477644014858
	 mse: 1.1428751580951344
	W1: tensor([[1.0000e-04, 1.2484e-01, 7.5627e+00, 1.1671e+00],
        [4.0524e-01, 1.0000e-04, 3.1616e+00, 6.9164e+00],
        [1.0608e-03, 1.5121e-03, 1.0000e-04, 2.4510e-02],
        [1.5167e-02, 1.2733e-03, 7.1460e-01, 1.0000e-04]],
       grad_fn=<SqrtBackward0>)
	cycle loss: 0.0036104086106165667
	structure loss: 0.005908979221672871
	Sigma: tensor([[ 1.3308e-01,  1.0656e-01, -3.4735e-03,  2.0612e-02],
        [ 1.0656e-01,  8.6926e-02,  9.1418e-03, -9.6007e-04],
        [-3.4735e-03,  9.1418e-03,  1.4581e-01,  1.0558e-02],
        [ 2.0612e-02, -9.6007e-04,  1.0558e-02,  1.3502e+00]],
       grad_fn=<MmBackward0>)
Check M:  tensor([[ 0.0022,  0.0000,  0.0000,  0.0000],
        [ 0.0003,  0.0065,  0.0000,  0.0000],
        [ 0.0020, -0.0014,  0.0016,  0.0000],
        [-0.0003, -0.0008, -0.0003,  0.0013]])
Check eigenvalues:  0.00022678738987435271

mu 0.003125

Inner iteration 2000
	h(W(model)): 0.00948778484361535
	score(model): -0.009867430785248443
	 mle: -6.198839409073709
	 mse: 1.0653815656130452
	W1: tensor([[1.0000e-04, 1.3672e-01, 7.6048e+00, 1.2629e+00],
        [4.1773e-01, 1.0000e-04, 3.3643e+00, 7.0699e+00],
        [1.0744e-03, 1.5393e-03, 1.0000e-04, 2.1953e-02],
        [1.4685e-02, 1.2257e-03, 7.5180e-01, 1.0000e-04]],
       grad_fn=<SqrtBackward0>)
	cycle loss: 0.00435769410511444
	structure loss: 0.00513009073850091
	Sigma: tensor([[ 1.2608e-01,  1.0256e-01, -3.3820e-03,  1.4649e-02],
        [ 1.0256e-01,  8.4505e-02,  7.7684e-03, -7.5863e-04],
        [-3.3820e-03,  7.7684e-03,  1.4955e-01,  9.0489e-03],
        [ 1.4649e-02, -7.5863e-04,  9.0489e-03,  1.2451e+00]],
       grad_fn=<MmBackward0>)
Check M:  tensor([[ 1.2103e-03,  0.0000e+00,  0.0000e+00,  0.0000e+00],
        [ 1.2126e-03,  2.4259e-03,  0.0000e+00,  0.0000e+00],
        [ 1.0338e-05, -6.2515e-04,  2.8290e-03,  0.0000e+00],
        [ 1.6824e-05, -1.3270e-04, -6.1375e-04,  1.3034e-03]])
Check eigenvalues:  0.0001202272242807872

mu 0.003125

Inner iteration 3000
	h(W(model)): 0.010035160050581634
	score(model): -0.011169950966586788
	 mle: -6.791066297386064
	 mse: 1.0492413045819515
	W1: tensor([[1.0000e-04, 1.4268e-01, 7.6306e+00, 1.3222e+00],
        [4.3579e-01, 1.0000e-04, 3.5857e+00, 7.1041e+00],
        [1.2162e-03, 1.6305e-03, 1.0000e-04, 2.0050e-02],
        [1.5155e-02, 1.3738e-03, 8.0128e-01, 1.0000e-04]],
       grad_fn=<SqrtBackward0>)
	cycle loss: 0.0051160976697732785
	structure loss: 0.004919062380808355
	Sigma: tensor([[ 1.2125e-01,  9.7988e-02, -3.4355e-03,  1.2180e-02],
        [ 9.7988e-02,  8.0076e-02,  7.0942e-03, -6.9143e-04],
        [-3.4355e-03,  7.0942e-03,  1.4349e-01,  7.2727e-03],
        [ 1.2180e-02, -6.9143e-04,  7.2727e-03,  1.2110e+00]],
       grad_fn=<MmBackward0>)
Check M:  tensor([[ 5.6003e-04,  0.0000e+00,  0.0000e+00,  0.0000e+00],
        [ 9.8106e-04,  9.1261e-04,  0.0000e+00,  0.0000e+00],
        [ 6.3896e-06, -4.0690e-04,  3.4075e-03,  0.0000e+00],
        [ 4.2503e-06, -5.2578e-05, -1.3462e-03,  1.6250e-03]])
Check eigenvalues:  6.339913777906175e-05

mu 0.003125

Inner iteration 4000
	h(W(model)): 0.011018238140985601
	score(model): -0.013542561853366622
	 mle: -7.865702672573727
	 mse: 1.0902579711210971
	W1: tensor([[1.0000e-04, 1.4580e-01, 7.6534e+00, 1.3124e+00],
        [4.5854e-01, 1.0000e-04, 3.8315e+00, 7.0470e+00],
        [1.4505e-03, 1.7804e-03, 1.0000e-04, 1.7962e-02],
        [1.6697e-02, 1.5817e-03, 8.6465e-01, 1.0000e-04]],
       grad_fn=<SqrtBackward0>)
	cycle loss: 0.0059670702718164215
	structure loss: 0.00505116786916918
	Sigma: tensor([[ 1.1839e-01,  9.4275e-02, -3.6462e-03,  1.0997e-02],
        [ 9.4275e-02,  7.5864e-02,  6.7812e-03, -6.3917e-04],
        [-3.6462e-03,  6.7812e-03,  1.3692e-01,  5.4614e-03],
        [ 1.0997e-02, -6.3917e-04,  5.4614e-03,  1.3436e+00]],
       grad_fn=<MmBackward0>)
Check M:  tensor([[ 2.7801e-04,  0.0000e+00,  0.0000e+00,  0.0000e+00],
        [ 6.8148e-04,  5.4847e-04,  0.0000e+00,  0.0000e+00],
        [ 7.0526e-06, -3.5796e-04,  4.5961e-03,  0.0000e+00],
        [ 2.6648e-06, -4.5708e-05, -2.4902e-03,  3.0522e-03]])
Check eigenvalues:  2.142657790930028e-05

mu 0.003125

Inner iteration 5000
	h(W(model)): 0.011705334661731213
	score(model): -0.020159930901378468
	 mle: -10.205201693178719
	 mse: 1.3106252510803995
	W1: tensor([[1.0000e-04, 1.4411e-01, 7.6733e+00, 1.2076e+00],
        [4.8453e-01, 1.0000e-04, 4.1062e+00, 6.7895e+00],
        [1.6333e-03, 1.8147e-03, 1.0000e-04, 1.5022e-02],
        [1.9360e-02, 1.7884e-03, 9.4993e-01, 1.0000e-04]],
       grad_fn=<SqrtBackward0>)
	cycle loss: 0.006564974812917956
	structure loss: 0.005140359848813256
	Sigma: tensor([[ 1.1641e-01,  9.1108e-02, -3.8424e-03,  9.0670e-03],
        [ 9.1108e-02,  7.2013e-02,  6.4799e-03, -4.9072e-04],
        [-3.8424e-03,  6.4799e-03,  1.3377e-01,  2.7750e-03],
        [ 9.0670e-03, -4.9072e-04,  2.7750e-03,  2.0487e+00]],
       grad_fn=<MmBackward0>)
