
Minimize s=1.0 -- lr=0.03

mu 0.1

Inner iteration 0
	h(W(model)): 4.7200001211124196e-08
	score(model): 0.7340277019359719
	 mle: 12.29154635674837
	 mse: 4.911431435071837
	W1: tensor([[0.0001, 0.0001, 0.0001, 0.0001],
        [0.0001, 0.0001, 0.0001, 0.0001],
        [0.0001, 0.0001, 0.0001, 0.0001],
        [0.0001, 0.0001, 0.0001, 0.0001]], grad_fn=<SqrtBackward0>)
	cycle loss: 4.0000001067124196e-08
	structure loss: 7.200000144e-09
	Sigma: tensor([[1.0000, 0.0000, 0.0000, 0.0000],
        [0.0000, 1.0000, 0.0000, 0.0000],
        [0.0000, 0.0000, 1.0000, 0.6000],
        [0.0000, 0.0000, 0.6000, 1.0000]], grad_fn=<MmBackward0>)
Check M:  tensor([[ 0.0017,  0.0000,  0.0000,  0.0000],
        [-0.0087,  0.0154,  0.0000,  0.0000],
        [-0.1528,  0.0271, -0.0886,  0.0000],
        [ 0.0874, -0.0388,  0.0607, -0.7223]])
Check eigenvalues:  0.4
Found h negative -4.324718978300961 at iter 1
success:  False

Minimize s=1 -- lr=0.015

mu 0.1

Inner iteration 0
	h(W(model)): 4.7200001211124196e-08
	score(model): 0.7340277019359719
	 mle: 6.614616501467253
	 mse: 3.006287024626927
	W1: tensor([[0.0001, 0.0001, 0.0001, 0.0001],
        [0.0001, 0.0001, 0.0001, 0.0001],
        [0.0001, 0.0001, 0.0001, 0.0001],
        [0.0001, 0.0001, 0.0001, 0.0001]], grad_fn=<SqrtBackward0>)
	cycle loss: 4.0000001067124196e-08
	structure loss: 7.200000144e-09
	Sigma: tensor([[1.0000, 0.0000, 0.0000, 0.0000],
        [0.0000, 1.0000, 0.0000, 0.0000],
        [0.0000, 0.0000, 1.0000, 0.6000],
        [0.0000, 0.0000, 0.6000, 1.0000]], grad_fn=<MmBackward0>)
Check M:  tensor([[ 0.0017,  0.0000,  0.0000,  0.0000],
        [-0.0087,  0.0154,  0.0000,  0.0000],
        [-0.1528,  0.0271, -0.0886,  0.0000],
        [ 0.0874, -0.0388,  0.0607, -0.7223]])
Check eigenvalues:  0.4
Found h negative -0.003764467487263168 at iter 1
success:  False

Minimize s=1 -- lr=0.0075

mu 0.1

Inner iteration 0
	h(W(model)): 4.7200001211124196e-08
	score(model): 0.7340277019359719
	 mle: 6.125549865828983
	 mse: 2.8309117537320185
	W1: tensor([[0.0001, 0.0001, 0.0001, 0.0001],
        [0.0001, 0.0001, 0.0001, 0.0001],
        [0.0001, 0.0001, 0.0001, 0.0001],
        [0.0001, 0.0001, 0.0001, 0.0001]], grad_fn=<SqrtBackward0>)
	cycle loss: 4.0000001067124196e-08
	structure loss: 7.200000144e-09
	Sigma: tensor([[1.0000, 0.0000, 0.0000, 0.0000],
        [0.0000, 1.0000, 0.0000, 0.0000],
        [0.0000, 0.0000, 1.0000, 0.6000],
        [0.0000, 0.0000, 0.6000, 1.0000]], grad_fn=<MmBackward0>)
Check M:  tensor([[ 0.0017,  0.0000,  0.0000,  0.0000],
        [-0.0087,  0.0154,  0.0000,  0.0000],
        [-0.1528,  0.0271, -0.0886,  0.0000],
        [ 0.0874, -0.0388,  0.0607, -0.7223]])
Check eigenvalues:  0.4

mu 0.1

Inner iteration 1000
	h(W(model)): 0.01376028480718941
	score(model): 0.21973875699186904
	 mle: 2.058405951089445
	 mse: 1.2963567126567939
	W1: tensor([[1.0000e-04, 3.3299e-01, 8.5135e-01, 1.1537e+00],
        [6.7161e-02, 1.0000e-04, 6.3210e-01, 2.0271e+00],
        [6.6187e-02, 5.3041e-02, 1.0000e-04, 9.2197e-01],
        [1.6719e-02, 1.2310e-02, 8.9946e-02, 1.0000e-04]],
       grad_fn=<SqrtBackward0>)
	cycle loss: 0.013481541685735676
	structure loss: 0.0002787431214537339
	Sigma: tensor([[ 8.7375e-01, -2.1326e-02, -9.5006e-03,  3.2118e-04],
        [-2.1326e-02,  7.5058e-01,  4.0586e-04, -2.2724e-04],
        [-9.5006e-03,  4.0586e-04,  5.9704e-01, -1.3399e-02],
        [ 3.2118e-04, -2.2724e-04, -1.3399e-02,  3.6705e-01]],
       grad_fn=<MmBackward0>)
Check M:  tensor([[ 7.5086e-05,  0.0000e+00,  0.0000e+00,  0.0000e+00],
        [ 7.3224e-05,  6.8117e-05,  0.0000e+00,  0.0000e+00],
        [-1.9916e-04,  1.3774e-04,  6.3640e-05,  0.0000e+00],
        [ 5.2025e-04, -2.9920e-04, -2.3062e-04,  8.8663e-04]])
Check eigenvalues:  0.36627020087848505

mu 0.1

Inner iteration 2000
	h(W(model)): 0.013039785845211515
	score(model): 0.218284959784137
	 mle: 2.0511371775095375
	 mse: 1.2962093058965019
	W1: tensor([[1.0000e-04, 3.4498e-01, 8.4378e-01, 1.1902e+00],
        [6.3875e-02, 1.0000e-04, 6.0459e-01, 2.0522e+00],
        [6.7127e-02, 5.7537e-02, 1.0000e-04, 9.9118e-01],
        [1.5670e-02, 1.2006e-02, 7.9244e-02, 1.0000e-04]],
       grad_fn=<SqrtBackward0>)
	cycle loss: 0.012813075750782499
	structure loss: 0.00022671009442901645
	Sigma: tensor([[ 8.7365e-01, -1.8685e-02, -9.4529e-03,  2.5728e-04],
        [-1.8685e-02,  7.4728e-01,  5.3024e-04, -2.2766e-04],
        [-9.4529e-03,  5.3024e-04,  6.0936e-01, -1.0752e-02],
        [ 2.5728e-04, -2.2766e-04, -1.0752e-02,  3.5773e-01]],
       grad_fn=<MmBackward0>)
Check M:  tensor([[ 3.3627e-05,  0.0000e+00,  0.0000e+00,  0.0000e+00],
        [ 1.0451e-05,  7.3125e-05,  0.0000e+00,  0.0000e+00],
        [ 4.5724e-06, -4.3805e-07,  1.2418e-04,  0.0000e+00],
        [ 3.5288e-06,  2.4762e-07,  8.9972e-06,  2.6026e-04]])
Check eigenvalues:  0.3572701471656181

mu 0.1

Inner iteration 3000
	h(W(model)): 0.013090500744601021
	score(model): 0.21823845463460084
	 mle: 2.0504747886008663
	 mse: 1.296129180146836
	W1: tensor([[1.0000e-04, 3.4549e-01, 8.4358e-01, 1.1921e+00],
        [6.3733e-02, 1.0000e-04, 6.0327e-01, 2.0530e+00],
        [6.7164e-02, 5.7874e-02, 1.0000e-04, 9.9422e-01],
        [1.5626e-02, 1.2642e-02, 7.8815e-02, 1.0000e-04]],
       grad_fn=<SqrtBackward0>)
	cycle loss: 0.012865576830576542
	structure loss: 0.0002249239140244795
	Sigma: tensor([[ 8.7363e-01, -1.8565e-02, -9.4585e-03,  2.5686e-04],
        [-1.8565e-02,  7.4708e-01,  5.5609e-04, -2.2639e-04],
        [-9.4585e-03,  5.5609e-04,  6.0982e-01, -1.0654e-02],
        [ 2.5686e-04, -2.2639e-04, -1.0654e-02,  3.5729e-01]],
       grad_fn=<MmBackward0>)
Check M:  tensor([[ 3.4027e-05,  0.0000e+00,  0.0000e+00,  0.0000e+00],
        [ 1.6292e-05,  1.1105e-04,  0.0000e+00,  0.0000e+00],
        [ 8.2609e-06, -6.1745e-05,  1.2462e-04,  0.0000e+00],
        [ 1.0318e-05, -2.3139e-04,  7.8964e-06,  2.5279e-04]])
Check eigenvalues:  0.35683710776966393

mu 0.1

Inner iteration 4000
	h(W(model)): 0.013007726214483891
	score(model): 0.2181721463029065
	 mle: 2.050158454100431
	 mse: 1.296030776970633
	W1: tensor([[1.0000e-04, 3.4555e-01, 8.4358e-01, 1.1922e+00],
        [6.3741e-02, 1.0000e-04, 6.0337e-01, 2.0533e+00],
        [6.7168e-02, 5.7787e-02, 1.0000e-04, 9.9443e-01],
        [1.5626e-02, 1.1951e-02, 7.8785e-02, 1.0000e-04]],
       grad_fn=<SqrtBackward0>)
	cycle loss: 0.012782784644405076
	structure loss: 0.0002249415700788151
	Sigma: tensor([[ 8.7361e-01, -1.8568e-02, -9.4611e-03,  2.5717e-04],
        [-1.8568e-02,  7.4707e-01,  5.5409e-04, -2.2744e-04],
        [-9.4611e-03,  5.5409e-04,  6.0983e-01, -1.0650e-02],
        [ 2.5717e-04, -2.2744e-04, -1.0650e-02,  3.5726e-01]],
       grad_fn=<MmBackward0>)
Check M:  tensor([[3.4708e-05, 0.0000e+00, 0.0000e+00, 0.0000e+00],
        [2.1219e-05, 5.6716e-05, 0.0000e+00, 0.0000e+00],
        [7.6402e-06, 1.7298e-05, 1.2158e-04, 0.0000e+00],
        [1.1316e-05, 3.5112e-05, 5.8692e-06, 2.5689e-04]])
Check eigenvalues:  0.35680664874854

mu 0.1

Inner iteration 4999
	h(W(model)): 0.013008735556715782
	score(model): 0.21816980203464575
	 mle: 2.050124678983475
	 mse: 1.2960244728099986
	W1: tensor([[1.0000e-04, 3.4554e-01, 8.4358e-01, 1.1922e+00],
        [6.3760e-02, 1.0000e-04, 6.0335e-01, 2.0533e+00],
        [6.7174e-02, 5.7787e-02, 1.0000e-04, 9.9445e-01],
        [1.5653e-02, 1.1972e-02, 7.8757e-02, 1.0000e-04]],
       grad_fn=<SqrtBackward0>)
	cycle loss: 0.012783808714640132
	structure loss: 0.00022492684207564909
	Sigma: tensor([[ 8.7361e-01, -1.8562e-02, -9.4622e-03,  2.5651e-04],
        [-1.8562e-02,  7.4706e-01,  5.5491e-04, -2.2780e-04],
        [-9.4622e-03,  5.5491e-04,  6.0983e-01, -1.0650e-02],
        [ 2.5651e-04, -2.2780e-04, -1.0650e-02,  3.5725e-01]],
       grad_fn=<MmBackward0>)
Check M:  tensor([[ 3.7040e-05,  0.0000e+00,  0.0000e+00,  0.0000e+00],
        [ 1.4874e-05,  6.7656e-05,  0.0000e+00,  0.0000e+00],
        [ 1.0513e-05,  5.6362e-06,  1.1406e-04,  0.0000e+00],
        [ 2.6636e-05, -3.8409e-06, -1.0547e-05,  2.5629e-04]])
Check eigenvalues:  0.35680485194212136

Dagma iter t=2 -- mu: 0.05 ------------------------------
success:  False

Minimize s=1.0 -- lr=0.0075

mu 0.05

Inner iteration 0
	h(W(model)): 0.01302594002897149
	score(model): 0.11559779924284425
	 mle: 3.5830603704200614
	 mse: 1.789027363287451
	W1: tensor([[1.0000e-04, 3.4555e-01, 8.4357e-01, 1.1922e+00],
        [6.3720e-02, 1.0000e-04, 6.0340e-01, 2.0533e+00],
        [6.7171e-02, 5.7753e-02, 1.0000e-04, 9.9445e-01],
        [1.5626e-02, 1.2052e-02, 7.8837e-02, 1.0000e-04]],
       grad_fn=<SqrtBackward0>)
	cycle loss: 0.012801012295420522
	structure loss: 0.000224927733550968
	Sigma: tensor([[ 8.7361e-01, -1.8563e-02, -9.4622e-03,  2.5619e-04],
        [-1.8563e-02,  7.4706e-01,  5.5465e-04, -2.2796e-04],
        [-9.4622e-03,  5.5465e-04,  6.0983e-01, -1.0650e-02],
        [ 2.5619e-04, -2.2796e-04, -1.0650e-02,  3.5725e-01]],
       grad_fn=<MmBackward0>)
Check M:  tensor([[ 1.2637e-04,  0.0000e+00,  0.0000e+00,  0.0000e+00],
        [-2.1926e-03,  4.0919e-05,  0.0000e+00,  0.0000e+00],
        [-6.5861e-03,  1.8229e-04,  1.8401e-04,  0.0000e+00],
        [ 6.1144e-04, -8.7457e-04, -8.3644e-03,  1.2876e-04]])
Check eigenvalues:  0.35680488780641534
Found h negative -2.0083081221533305 at iter 2
success:  False

Minimize s=1 -- lr=0.00375

mu 0.05

Inner iteration 0
	h(W(model)): 0.01302594002897149
	score(model): 0.11559779924284425
	 mle: 2.610827612440163
	 mse: 1.481221371873527
	W1: tensor([[1.0000e-04, 3.4555e-01, 8.4357e-01, 1.1922e+00],
        [6.3720e-02, 1.0000e-04, 6.0340e-01, 2.0533e+00],
        [6.7171e-02, 5.7753e-02, 1.0000e-04, 9.9445e-01],
        [1.5626e-02, 1.2052e-02, 7.8837e-02, 1.0000e-04]],
       grad_fn=<SqrtBackward0>)
	cycle loss: 0.012801012295420522
	structure loss: 0.000224927733550968
	Sigma: tensor([[ 8.7361e-01, -1.8563e-02, -9.4622e-03,  2.5619e-04],
        [-1.8563e-02,  7.4706e-01,  5.5465e-04, -2.2796e-04],
        [-9.4622e-03,  5.5465e-04,  6.0983e-01, -1.0650e-02],
        [ 2.5619e-04, -2.2796e-04, -1.0650e-02,  3.5725e-01]],
       grad_fn=<MmBackward0>)
Check M:  tensor([[ 1.2637e-04,  0.0000e+00,  0.0000e+00,  0.0000e+00],
        [-2.1926e-03,  4.0919e-05,  0.0000e+00,  0.0000e+00],
        [-6.5861e-03,  1.8229e-04,  1.8401e-04,  0.0000e+00],
        [ 6.1144e-04, -8.7457e-04, -8.3644e-03,  1.2876e-04]])
Check eigenvalues:  0.35680488780641534

mu 0.05

Inner iteration 1000
	h(W(model)): 0.004752551157986552
	score(model): 0.11362771780704077
	 mle: 2.176170189692452
	 mse: 1.3401106111095393
	W1: tensor([[1.0000e-04, 3.3719e-01, 8.4522e-01, 1.1902e+00],
        [4.1177e-02, 1.0000e-04, 5.6076e-01, 2.0244e+00],
        [3.7897e-02, 4.3335e-02, 1.0000e-04, 1.0166e+00],
        [9.7173e-03, 7.8452e-03, 4.7351e-02, 1.0000e-04]],
       grad_fn=<SqrtBackward0>)
	cycle loss: 0.004737678743983897
	structure loss: 1.4872414002654183e-05
	Sigma: tensor([[ 9.1319e-01, -6.0428e-03, -2.3523e-03,  1.0459e-04],
        [-6.0428e-03,  7.5766e-01, -4.5603e-04, -1.7689e-04],
        [-2.3523e-03, -4.5603e-04,  6.4981e-01, -2.4635e-03],
        [ 1.0459e-04, -1.7689e-04, -2.4635e-03,  3.5827e-01]],
       grad_fn=<MmBackward0>)
Check M:  tensor([[ 2.9814e-06,  0.0000e+00,  0.0000e+00,  0.0000e+00],
        [ 2.0892e-06,  1.4835e-05,  0.0000e+00,  0.0000e+00],
        [-1.0295e-04, -3.8937e-05, -7.3428e-06,  0.0000e+00],
        [-2.5611e-04, -4.1054e-04, -1.7809e-04, -1.7027e-04]])
Check eigenvalues:  0.35824757889662306

mu 0.05

Inner iteration 2000
	h(W(model)): 0.004350656141647809
	score(model): 0.11271451027218908
	 mle: 2.165960198867632
	 mse: 1.3401963342815295
	W1: tensor([[1.0000e-04, 3.5403e-01, 8.5660e-01, 1.2346e+00],
        [3.7492e-02, 1.0000e-04, 5.6793e-01, 2.0722e+00],
        [3.6337e-02, 4.1937e-02, 1.0000e-04, 1.0789e+00],
        [8.6620e-03, 7.3385e-03, 4.2173e-02, 1.0000e-04]],
       grad_fn=<SqrtBackward0>)
	cycle loss: 0.004339102448569276
	structure loss: 1.1553693078533017e-05
	Sigma: tensor([[ 9.1677e-01, -4.5566e-03, -2.1934e-03,  1.1195e-04],
        [-4.5566e-03,  7.5714e-01, -3.0644e-04, -1.0257e-04],
        [-2.1934e-03, -3.0644e-04,  6.5490e-01, -2.0966e-03],
        [ 1.1195e-04, -1.0257e-04, -2.0966e-03,  3.5213e-01]],
       grad_fn=<MmBackward0>)
Check M:  tensor([[ 1.0859e-05,  0.0000e+00,  0.0000e+00,  0.0000e+00],
        [ 9.5624e-07,  3.4604e-05,  0.0000e+00,  0.0000e+00],
        [ 4.5473e-07,  4.8223e-07,  5.1894e-05,  0.0000e+00],
        [-7.3481e-07,  1.6711e-06, -4.1773e-07,  1.3606e-04]])
Check eigenvalues:  0.35211978211928174

mu 0.05

Inner iteration 3000
	h(W(model)): 0.004236498544894233
	score(model): 0.11255310533940895
	 mle: 2.1650094061026985
	 mse: 1.3404775001244649
	W1: tensor([[1.0000e-04, 3.5795e-01, 8.5947e-01, 1.2416e+00],
        [3.6708e-02, 1.0000e-04, 5.7091e-01, 2.0798e+00],
        [3.5960e-02, 4.1399e-02, 1.0000e-04, 1.0918e+00],
        [8.4310e-03, 7.1516e-03, 4.0973e-02, 1.0000e-04]],
       grad_fn=<SqrtBackward0>)
	cycle loss: 0.004225397695961863
	structure loss: 1.1100848932369713e-05
	Sigma: tensor([[ 9.1755e-01, -4.2840e-03, -2.1687e-03,  1.0811e-04],
        [-4.2840e-03,  7.5716e-01, -3.1029e-04, -1.0306e-04],
        [-2.1687e-03, -3.1029e-04,  6.5583e-01, -2.0439e-03],
        [ 1.0811e-04, -1.0306e-04, -2.0439e-03,  3.5099e-01]],
       grad_fn=<MmBackward0>)
Check M:  tensor([[ 1.0724e-05,  0.0000e+00,  0.0000e+00,  0.0000e+00],
        [ 1.1019e-06,  3.4773e-05,  0.0000e+00,  0.0000e+00],
        [ 5.6527e-07,  9.8762e-08,  5.2673e-05,  0.0000e+00],
        [-6.4271e-08,  4.5276e-08,  6.1688e-07,  1.3141e-04]])
Check eigenvalues:  0.35097285881808993

mu 0.05

Inner iteration 4000
	h(W(model)): 0.004193147274823361
	score(model): 0.11250413885030605
	 mle: 2.1648952102892745
	 mse: 1.3405870334864824
	W1: tensor([[1.0000e-04, 3.5935e-01, 8.6070e-01, 1.2433e+00],
        [3.6454e-02, 1.0000e-04, 5.7306e-01, 2.0813e+00],
        [3.5804e-02, 4.1058e-02, 1.0000e-04, 1.0950e+00],
        [8.3563e-03, 7.0640e-03, 4.0612e-02, 1.0000e-04]],
       grad_fn=<SqrtBackward0>)
	cycle loss: 0.004182163507212566
	structure loss: 1.0983767610794372e-05
	Sigma: tensor([[ 9.1783e-01, -4.1972e-03, -2.1601e-03,  1.0663e-04],
        [-4.1972e-03,  7.5722e-01, -3.1906e-04, -1.0282e-04],
        [-2.1601e-03, -3.1906e-04,  6.5597e-01, -2.0335e-03],
        [ 1.0663e-04, -1.0282e-04, -2.0335e-03,  3.5074e-01]],
       grad_fn=<MmBackward0>)
Check M:  tensor([[ 1.0708e-05,  0.0000e+00,  0.0000e+00,  0.0000e+00],
        [ 1.0895e-06,  3.4764e-05,  0.0000e+00,  0.0000e+00],
        [ 5.6243e-07,  9.6062e-08,  5.2705e-05,  0.0000e+00],
        [-2.7382e-08,  2.9147e-08,  6.2544e-07,  1.3108e-04]])
Check eigenvalues:  0.3507272538267784

mu 0.05

Inner iteration 4999
	h(W(model)): 0.004172078549160654
	score(model): 0.11248104046569662
	 mle: 2.164853728183211
	 mse: 1.3406273703377756
	W1: tensor([[1.0000e-04, 3.6000e-01, 8.6136e-01, 1.2439e+00],
        [3.6349e-02, 1.0000e-04, 5.7446e-01, 2.0818e+00],
        [3.5725e-02, 4.0837e-02, 1.0000e-04, 1.0962e+00],
        [8.3243e-03, 7.0160e-03, 4.0462e-02, 1.0000e-04]],
       grad_fn=<SqrtBackward0>)
	cycle loss: 0.0041611414918723
	structure loss: 1.0937057288353674e-05
	Sigma: tensor([[ 9.1795e-01, -4.1537e-03, -2.1561e-03,  1.0579e-04],
        [-4.1537e-03,  7.5727e-01, -3.2545e-04, -1.0267e-04],
        [-2.1561e-03, -3.2545e-04,  6.5596e-01, -2.0313e-03],
        [ 1.0579e-04, -1.0267e-04, -2.0313e-03,  3.5066e-01]],
       grad_fn=<MmBackward0>)
Check M:  tensor([[ 1.0697e-05,  0.0000e+00,  0.0000e+00,  0.0000e+00],
        [ 1.0813e-06,  3.4757e-05,  0.0000e+00,  0.0000e+00],
        [ 5.6208e-07,  9.7081e-08,  5.2712e-05,  0.0000e+00],
        [-2.7355e-08,  2.9289e-08,  6.2673e-07,  1.3103e-04]])
Check eigenvalues:  0.35064882865954566

Dagma iter t=3 -- mu: 0.025 ------------------------------
success:  False

Minimize s=1.0 -- lr=0.00375

mu 0.025

Inner iteration 0
	h(W(model)): 0.004172061462420152
	score(model): 0.05832654137657886
	 mle: 2.7070220991376504
	 mse: 1.532886491441865
	W1: tensor([[1.0000e-04, 3.6000e-01, 8.6136e-01, 1.2439e+00],
        [3.6349e-02, 1.0000e-04, 5.7446e-01, 2.0818e+00],
        [3.5725e-02, 4.0837e-02, 1.0000e-04, 1.0962e+00],
        [8.3243e-03, 7.0159e-03, 4.0462e-02, 1.0000e-04]],
       grad_fn=<SqrtBackward0>)
	cycle loss: 0.004161124440533737
	structure loss: 1.0937021886415349e-05
	Sigma: tensor([[ 9.1795e-01, -4.1537e-03, -2.1561e-03,  1.0579e-04],
        [-4.1537e-03,  7.5727e-01, -3.2546e-04, -1.0267e-04],
        [-2.1561e-03, -3.2546e-04,  6.5596e-01, -2.0313e-03],
        [ 1.0579e-04, -1.0267e-04, -2.0313e-03,  3.5066e-01]],
       grad_fn=<MmBackward0>)
Check M:  tensor([[ 1.1215e-05,  0.0000e+00,  0.0000e+00,  0.0000e+00],
        [-5.2458e-04,  1.7463e-05,  0.0000e+00,  0.0000e+00],
        [-1.5829e-03, -9.4844e-05,  3.1343e-05,  0.0000e+00],
        [ 2.3906e-04, -4.0428e-04, -1.9882e-03,  6.5515e-05]])
Check eigenvalues:  0.35064877287918944

mu 0.025

Inner iteration 1000
	h(W(model)): 0.0017743168919067474
	score(model): 0.05838630652709643
	 mle: 2.263109496721821
	 mse: 1.372497532424793
	W1: tensor([[1.0000e-04, 3.2711e-01, 8.4360e-01, 1.1848e+00],
        [2.6497e-02, 1.0000e-04, 5.2946e-01, 2.0084e+00],
        [2.0998e-02, 3.1104e-02, 1.0000e-04, 1.0439e+00],
        [5.9653e-03, 5.1442e-03, 2.8501e-02, 1.0000e-04]],
       grad_fn=<SqrtBackward0>)
	cycle loss: 0.0017734119391410452
	structure loss: 9.049527657021932e-07
	Sigma: tensor([[ 9.3941e-01, -1.8070e-03, -4.8092e-04,  3.2927e-05],
        [-1.8070e-03,  7.6711e-01, -5.1735e-04,  1.4415e-05],
        [-4.8092e-04, -5.1735e-04,  6.7872e-01, -5.2764e-04],
        [ 3.2927e-05,  1.4415e-05, -5.2764e-04,  3.5949e-01]],
       grad_fn=<MmBackward0>)
Check M:  tensor([[-3.7021e-06,  0.0000e+00,  0.0000e+00,  0.0000e+00],
        [ 2.1968e-05,  4.2950e-06,  0.0000e+00,  0.0000e+00],
        [ 1.7056e-05, -8.2214e-06,  4.8588e-05,  0.0000e+00],
        [-2.3090e-05,  3.6440e-04, -6.2383e-05, -1.2009e-04]])
Check eigenvalues:  0.3594865963599704

mu 0.025

Inner iteration 2000
	h(W(model)): 0.0015475560150779034
	score(model): 0.057566776729666154
	 mle: 2.23944644223452
	 mse: 1.3701217763136033
	W1: tensor([[1.0000e-04, 3.4912e-01, 8.6277e-01, 1.2580e+00],
        [2.3278e-02, 1.0000e-04, 5.5039e-01, 2.0837e+00],
        [1.9501e-02, 2.8750e-02, 1.0000e-04, 1.1281e+00],
        [4.9449e-03, 4.6122e-03, 2.4319e-02, 1.0000e-04]],
       grad_fn=<SqrtBackward0>)
	cycle loss: 0.0015468767628883384
	structure loss: 6.792521895649783e-07
	Sigma: tensor([[ 9.4325e-01, -1.1027e-03, -4.6108e-04,  4.0203e-05],
        [-1.1027e-03,  7.6666e-01, -5.8417e-04, -4.2880e-05],
        [-4.6108e-04, -5.8417e-04,  6.8193e-01, -4.4368e-04],
        [ 4.0203e-05, -4.2880e-05, -4.4368e-04,  3.4945e-01]],
       grad_fn=<MmBackward0>)
Check M:  tensor([[ 3.5878e-06,  0.0000e+00,  0.0000e+00,  0.0000e+00],
        [-3.8772e-07,  1.6660e-05,  0.0000e+00,  0.0000e+00],
        [ 8.5723e-07,  9.0640e-07,  2.3889e-05,  0.0000e+00],
        [ 1.3210e-06, -3.4296e-06, -2.2554e-06,  6.7663e-05]])
Check eigenvalues:  0.34944649858109655

mu 0.025

Inner iteration 3000
	h(W(model)): 0.0014669534618231728
	score(model): 0.05743102344269981
	 mle: 2.237235483252218
	 mse: 1.3701783323193781
	W1: tensor([[1.0000e-04, 3.5378e-01, 8.6839e-01, 1.2672e+00],
        [2.2567e-02, 1.0000e-04, 5.5890e-01, 2.0943e+00],
        [1.9103e-02, 2.7663e-02, 1.0000e-04, 1.1456e+00],
        [4.7251e-03, 4.4002e-03, 2.3196e-02, 1.0000e-04]],
       grad_fn=<SqrtBackward0>)
	cycle loss: 0.0014663011270856785
	structure loss: 6.523347374943079e-07
	Sigma: tensor([[ 9.4414e-01, -9.8442e-04, -4.6538e-04,  3.8622e-05],
        [-9.8442e-04,  7.6687e-01, -5.8458e-04, -4.2866e-05],
        [-4.6538e-04, -5.8458e-04,  6.8236e-01, -4.2968e-04],
        [ 3.8622e-05, -4.2866e-05, -4.2968e-04,  3.4802e-01]],
       grad_fn=<MmBackward0>)
Check M:  tensor([[ 3.5817e-06,  0.0000e+00,  0.0000e+00,  0.0000e+00],
        [ 1.2668e-07,  1.6586e-05,  0.0000e+00,  0.0000e+00],
        [ 5.6694e-08,  9.2226e-08,  2.3898e-05,  0.0000e+00],
        [-1.3566e-08,  1.3825e-08,  4.2089e-08,  6.6212e-05]])
Check eigenvalues:  0.34801893834109965

mu 0.025

Inner iteration 4000
	h(W(model)): 0.001443358633173322
	score(model): 0.057396601726776214
	 mle: 2.2368197688986333
	 mse: 1.3701931625011732
	W1: tensor([[1.0000e-04, 3.5510e-01, 8.7059e-01, 1.2686e+00],
        [2.2380e-02, 1.0000e-04, 5.6474e-01, 2.0959e+00],
        [1.8942e-02, 2.6972e-02, 1.0000e-04, 1.1493e+00],
        [4.9570e-03, 4.2909e-03, 2.2856e-02, 1.0000e-04]],
       grad_fn=<SqrtBackward0>)
	cycle loss: 0.0014427069319928876
	structure loss: 6.517011804344115e-07
	Sigma: tensor([[ 9.4441e-01, -9.5757e-04, -4.6399e-04,  3.7707e-05],
        [-9.5757e-04,  7.6709e-01, -5.8619e-04, -4.3052e-05],
        [-4.6399e-04, -5.8619e-04,  6.8212e-01, -4.3043e-04],
        [ 3.7707e-05, -4.3052e-05, -4.3043e-04,  3.4779e-01]],
       grad_fn=<MmBackward0>)
Check M:  tensor([[ 4.3000e-06,  0.0000e+00,  0.0000e+00,  0.0000e+00],
        [-2.1302e-07,  1.6530e-05,  0.0000e+00,  0.0000e+00],
        [ 7.4191e-06, -4.1738e-08,  2.3830e-05,  0.0000e+00],
        [ 2.4346e-05, -7.4538e-07, -9.1673e-06,  6.5367e-05]])
Check eigenvalues:  0.34779046607742525

mu 0.025

Inner iteration 4999
	h(W(model)): 0.001418980691415012
	score(model): 0.057364935400945234
	 mle: 2.2365014408863364
	 mse: 1.370146079615514
	W1: tensor([[1.0000e-04, 3.5583e-01, 8.7184e-01, 1.2696e+00],
        [2.2281e-02, 1.0000e-04, 5.6841e-01, 2.0964e+00],
        [1.8873e-02, 2.6553e-02, 1.0000e-04, 1.1508e+00],
        [4.6467e-03, 4.2256e-03, 2.2712e-02, 1.0000e-04]],
       grad_fn=<SqrtBackward0>)
	cycle loss: 0.0014183309079733863
	structure loss: 6.497834416257283e-07
	Sigma: tensor([[ 9.4452e-01, -9.4340e-04, -4.6664e-04,  3.7964e-05],
        [-9.4340e-04,  7.6721e-01, -5.8365e-04, -4.3410e-05],
        [-4.6664e-04, -5.8365e-04,  6.8188e-01, -4.2804e-04],
        [ 3.7964e-05, -4.3410e-05, -4.2804e-04,  3.4771e-01]],
       grad_fn=<MmBackward0>)
Check M:  tensor([[ 3.4457e-06,  0.0000e+00,  0.0000e+00,  0.0000e+00],
        [-3.7672e-07,  1.6565e-05,  0.0000e+00,  0.0000e+00],
        [ 1.2311e-06,  1.5194e-07,  2.3870e-05,  0.0000e+00],
        [ 1.1119e-06, -9.9825e-07, -4.6654e-07,  6.5963e-05]])
Check eigenvalues:  0.3477130181727086

Dagma iter t=4 -- mu: 0.0125 ------------------------------
success:  False

Minimize s=1.0 -- lr=0.00375

mu 0.0125

Inner iteration 0
	h(W(model)): 0.0014192286718531597
	score(model): 0.029392137636388274
	 mle: 2.7589164820498766
	 mse: 1.5608160183159052
	W1: tensor([[1.0000e-04, 3.5584e-01, 8.7185e-01, 1.2696e+00],
        [2.2314e-02, 1.0000e-04, 5.6842e-01, 2.0964e+00],
        [1.8872e-02, 2.6552e-02, 1.0000e-04, 1.1509e+00],
        [4.6489e-03, 4.2256e-03, 2.2712e-02, 1.0000e-04]],
       grad_fn=<SqrtBackward0>)
	cycle loss: 0.00141857890308561
	structure loss: 6.497687675497549e-07
	Sigma: tensor([[ 9.4452e-01, -9.4321e-04, -4.6679e-04,  3.8170e-05],
        [-9.4321e-04,  7.6721e-01, -5.8357e-04, -4.3325e-05],
        [-4.6679e-04, -5.8357e-04,  6.8188e-01, -4.2799e-04],
        [ 3.8170e-05, -4.3325e-05, -4.2799e-04,  3.4771e-01]],
       grad_fn=<MmBackward0>)
Check M:  tensor([[ 2.1241e-06,  0.0000e+00,  0.0000e+00,  0.0000e+00],
        [-1.1645e-04,  8.4047e-06,  0.0000e+00,  0.0000e+00],
        [-3.5482e-04, -1.6612e-04,  1.2196e-05,  0.0000e+00],
        [ 8.9743e-05, -1.7472e-04, -4.6914e-04,  3.2987e-05]])
Check eigenvalues:  0.34771298267201134

mu 0.0125

Inner iteration 1000
	h(W(model)): 0.0006792531183410039
	score(model): 0.030679003896042795
	 mle: 2.398439042022746
	 mse: 1.409345834518378
	W1: tensor([[1.0000e-04, 2.9329e-01, 8.1983e-01, 1.0466e+00],
        [1.8941e-02, 1.0000e-04, 5.0107e-01, 1.8936e+00],
        [1.2329e-02, 2.1309e-02, 1.0000e-04, 9.6048e-01],
        [4.2761e-03, 3.5909e-03, 1.9230e-02, 1.0000e-04]],
       grad_fn=<SqrtBackward0>)
	cycle loss: 0.0006791439418383227
	structure loss: 1.0917650268115874e-07
	Sigma: tensor([[ 9.5412e-01, -8.4938e-04, -1.0234e-04, -7.6953e-05],
        [-8.4938e-04,  7.7855e-01, -3.4521e-04,  7.5053e-06],
        [-1.0234e-04, -3.4521e-04,  6.9732e-01, -2.6530e-06],
        [-7.6953e-05,  7.5053e-06, -2.6530e-06,  3.8793e-01]],
       grad_fn=<MmBackward0>)
Check M:  tensor([[ 2.0035e-06,  0.0000e+00,  0.0000e+00,  0.0000e+00],
        [-4.5285e-05,  2.3344e-05,  0.0000e+00,  0.0000e+00],
        [ 5.5865e-05,  2.0756e-05,  2.4480e-06,  0.0000e+00],
        [-2.5770e-04,  8.8482e-05,  2.4263e-04, -1.1638e-04]])
Check eigenvalues:  0.3879275089890145

mu 0.0125

Inner iteration 2000
	h(W(model)): 0.0006034738045743045
	score(model): 0.02940713324411524
	 mle: 2.3029780678211194
	 mse: 1.3925436851353512
	W1: tensor([[1.0000e-04, 3.2974e-01, 8.5498e-01, 1.2349e+00],
        [1.5360e-02, 1.0000e-04, 5.3474e-01, 2.0512e+00],
        [1.0830e-02, 1.9546e-02, 1.0000e-04, 1.1208e+00],
        [3.0810e-03, 3.0877e-03, 1.5631e-02, 1.0000e-04]],
       grad_fn=<SqrtBackward0>)
	cycle loss: 0.0006033863249261806
	structure loss: 8.74796481239136e-08
	Sigma: tensor([[ 9.5852e-01, -1.9762e-04, -5.9559e-05,  1.5966e-05],
        [-1.9762e-04,  7.7524e-01, -4.9546e-04, -1.6677e-05],
        [-5.9559e-05, -4.9546e-04,  6.9875e-01, -8.1416e-05],
        [ 1.5966e-05, -1.6677e-05, -8.1416e-05,  3.5380e-01]],
       grad_fn=<MmBackward0>)
Check M:  tensor([[ 1.3089e-06,  0.0000e+00,  0.0000e+00,  0.0000e+00],
        [-6.9522e-08,  7.9851e-06,  0.0000e+00,  0.0000e+00],
        [ 1.2602e-06, -4.9230e-07,  1.1219e-05,  0.0000e+00],
        [-1.7254e-06, -5.8013e-07, -3.1206e-06,  4.3575e-05]])
Check eigenvalues:  0.3537979133268089

mu 0.0125

Inner iteration 3000
	h(W(model)): 0.0005518303123242837
	score(model): 0.02917502368125589
	 mle: 2.2885324827426348
	 mse: 1.3905823201554632
	W1: tensor([[1.0000e-04, 3.3987e-01, 8.6482e-01, 1.2738e+00],
        [1.4355e-02, 1.0000e-04, 5.4479e-01, 2.0923e+00],
        [1.0394e-02, 1.8666e-02, 1.0000e-04, 1.1646e+00],
        [2.7871e-03, 2.8999e-03, 1.4225e-02, 1.0000e-04]],
       grad_fn=<SqrtBackward0>)
	cycle loss: 0.0005517460540833685
	structure loss: 8.425824091521858e-08
	Sigma: tensor([[ 9.5975e-01, -6.8729e-05, -7.0619e-05,  1.4668e-05],
        [-6.8729e-05,  7.7497e-01, -4.8342e-04, -1.7870e-05],
        [-7.0619e-05, -4.8342e-04,  6.9975e-01, -7.8401e-05],
        [ 1.4668e-05, -1.7870e-05, -7.8401e-05,  3.4776e-01]],
       grad_fn=<MmBackward0>)
Check M:  tensor([[ 1.2723e-06,  0.0000e+00,  0.0000e+00,  0.0000e+00],
        [-5.7439e-10,  7.9658e-06,  0.0000e+00,  0.0000e+00],
        [ 2.8084e-08,  3.4744e-08,  1.1145e-05,  0.0000e+00],
        [-1.8089e-09,  9.5358e-09, -1.9967e-08,  3.4479e-05]])
Check eigenvalues:  0.3477623560396612

mu 0.0125

Inner iteration 4000
	h(W(model)): 0.000524902808398426
	score(model): 0.02910958312864284
	 mle: 2.285446234914809
	 mse: 1.3902221387058569
	W1: tensor([[1.0000e-04, 3.4285e-01, 8.6934e-01, 1.2823e+00],
        [1.4009e-02, 1.0000e-04, 5.5225e-01, 2.1024e+00],
        [1.0212e-02, 1.8031e-02, 1.0000e-04, 1.1791e+00],
        [2.6771e-03, 2.7893e-03, 1.3634e-02, 1.0000e-04]],
       grad_fn=<SqrtBackward0>)
	cycle loss: 0.0005248186239972252
	structure loss: 8.418440120081926e-08
	Sigma: tensor([[ 9.6022e-01, -4.8484e-05, -7.6114e-05,  1.4359e-05],
        [-4.8484e-05,  7.7509e-01, -4.7605e-04, -1.8466e-05],
        [-7.6114e-05, -4.7605e-04,  6.9973e-01, -7.5983e-05],
        [ 1.4359e-05, -1.8466e-05, -7.5983e-05,  3.4646e-01]],
       grad_fn=<MmBackward0>)
Check M:  tensor([[ 1.2662e-06,  0.0000e+00,  0.0000e+00,  0.0000e+00],
        [ 2.6891e-09,  7.9609e-06,  0.0000e+00,  0.0000e+00],
        [ 4.9417e-09,  3.3337e-08,  1.1166e-05,  0.0000e+00],
        [-1.0274e-09,  1.4286e-09,  5.4050e-09,  3.3297e-05]])
Check eigenvalues:  0.34646403858784136

mu 0.0125

Inner iteration 4999
	h(W(model)): 0.0005112061370400703
	score(model): 0.029086146561765207
	 mle: 2.2846690473543703
	 mse: 1.3900992308570095
	W1: tensor([[1.0000e-04, 3.4367e-01, 8.7151e-01, 1.2837e+00],
        [1.3904e-02, 1.0000e-04, 5.5806e-01, 2.1044e+00],
        [1.0127e-02, 1.7554e-02, 1.0000e-04, 1.1828e+00],
        [2.6416e-03, 2.7159e-03, 1.3403e-02, 1.0000e-04]],
       grad_fn=<SqrtBackward0>)
	cycle loss: 0.0005111224975207218
	structure loss: 8.363951934850771e-08
	Sigma: tensor([[ 9.6038e-01, -3.8347e-05, -7.7821e-05,  1.4265e-05],
        [-3.8347e-05,  7.7526e-01, -4.6855e-04, -1.8731e-05],
        [-7.7821e-05, -4.6855e-04,  6.9938e-01, -7.5931e-05],
        [ 1.4265e-05, -1.8731e-05, -7.5931e-05,  3.4623e-01]],
       grad_fn=<MmBackward0>)
Check M:  tensor([[ 1.2819e-06,  0.0000e+00,  0.0000e+00,  0.0000e+00],
        [-7.3771e-08,  7.9577e-06,  0.0000e+00,  0.0000e+00],
        [ 4.2423e-07,  5.1709e-08,  1.1221e-05,  0.0000e+00],
        [ 1.1962e-06, -9.8296e-08, -1.3739e-06,  3.2985e-05]])
Check eigenvalues:  0.34622705040279456

Dagma iter t=5 -- mu: 0.00625 ------------------------------
success:  False

Minimize s=1.0 -- lr=0.00375

mu 0.00625

Inner iteration 0
	h(W(model)): 0.0005130694361296873
	score(model): 0.014800563200817693
	 mle: 2.7526525305158005
	 mse: 1.5604101889357644
	W1: tensor([[1.0000e-04, 3.4367e-01, 8.7152e-01, 1.2837e+00],
        [1.3921e-02, 1.0000e-04, 5.5806e-01, 2.1044e+00],
        [1.0146e-02, 1.7554e-02, 1.0000e-04, 1.1828e+00],
        [2.7276e-03, 2.7159e-03, 1.3403e-02, 1.0000e-04]],
       grad_fn=<SqrtBackward0>)
	cycle loss: 0.0005129858450081404
	structure loss: 8.359112154689933e-08
	Sigma: tensor([[ 9.6038e-01, -3.8314e-05, -7.8360e-05,  1.3301e-05],
        [-3.8314e-05,  7.7526e-01, -4.6847e-04, -1.8712e-05],
        [-7.8360e-05, -4.6847e-04,  6.9938e-01, -7.5816e-05],
        [ 1.3301e-05, -1.8712e-05, -7.5816e-05,  3.4623e-01]],
       grad_fn=<MmBackward0>)
Check M:  tensor([[ 6.0229e-07,  0.0000e+00,  0.0000e+00,  0.0000e+00],
        [-4.2560e-06,  4.0512e-06,  0.0000e+00,  0.0000e+00],
        [-6.1341e-05, -1.2875e-04,  5.6058e-06,  0.0000e+00],
        [ 2.6114e-05, -7.6544e-05, -8.9430e-05,  1.6487e-05]])
Check eigenvalues:  0.3462268340462284

mu 0.00625

Inner iteration 1000
	h(W(model)): 0.0002492325347748441
	score(model): 0.01695978352586436
	 mle: 2.6721529317582613
	 mse: 1.4778871843388808
	W1: tensor([[1.0000e-04, 2.5894e-01, 7.5991e-01, 8.4570e-01],
        [1.3797e-02, 1.0000e-04, 4.4895e-01, 1.7285e+00],
        [7.7494e-03, 1.4947e-02, 1.0000e-04, 8.4394e-01],
        [3.3496e-03, 2.7754e-03, 1.2783e-02, 1.0000e-04]],
       grad_fn=<SqrtBackward0>)
	cycle loss: 0.00024899071027739694
	structure loss: 2.4182449744714974e-07
	Sigma: tensor([[ 9.6245e-01,  5.2323e-05,  5.1123e-04, -2.9421e-05],
        [ 5.2323e-05,  7.8789e-01, -6.5702e-04,  1.5325e-05],
        [ 5.1123e-04, -6.5702e-04,  7.2151e-01,  9.8998e-06],
        [-2.9421e-05,  1.5325e-05,  9.8998e-06,  4.9877e-01]],
       grad_fn=<MmBackward0>)
Check M:  tensor([[-4.3254e-06,  0.0000e+00,  0.0000e+00,  0.0000e+00],
        [-1.7831e-06,  1.4212e-06,  0.0000e+00,  0.0000e+00],
        [ 4.1638e-04, -5.1444e-05,  2.6688e-05,  0.0000e+00],
        [ 2.5495e-05, -3.2690e-05, -3.4139e-05,  3.3468e-04]])
Check eigenvalues:  0.4987662951194812

mu 0.00625

Inner iteration 2000
	h(W(model)): 0.0002456986742925513
	score(model): 0.015279155986509304
	 mle: 2.404055652850444
	 mse: 1.4188994576772207
	W1: tensor([[1.0000e-04, 2.9859e-01, 8.3436e-01, 1.0996e+00],
        [1.0560e-02, 1.0000e-04, 5.0863e-01, 1.9371e+00],
        [6.2987e-03, 1.3614e-02, 1.0000e-04, 1.0375e+00],
        [2.1538e-03, 2.2284e-03, 1.0917e-02, 1.0000e-04]],
       grad_fn=<SqrtBackward0>)
	cycle loss: 0.00024567419790022527
	structure loss: 2.4476392326030876e-08
	Sigma: tensor([[ 9.6733e-01, -1.3094e-05,  2.3406e-05,  1.7239e-06],
        [-1.3094e-05,  7.8352e-01, -3.0385e-04, -3.4482e-06],
        [ 2.3406e-05, -3.0385e-04,  7.1112e-01,  9.3689e-06],
        [ 1.7239e-06, -3.4482e-06,  9.3689e-06,  3.7800e-01]],
       grad_fn=<MmBackward0>)
Check M:  tensor([[ 4.8465e-07,  0.0000e+00,  0.0000e+00,  0.0000e+00],
        [ 1.4368e-07,  3.9457e-06,  0.0000e+00,  0.0000e+00],
        [ 4.5427e-06, -4.7763e-08,  5.4527e-06,  0.0000e+00],
        [-1.9670e-07, -2.0604e-06,  2.4434e-07,  5.1597e-05]])
Check eigenvalues:  0.3780039373307934

mu 0.00625

Inner iteration 3000
	h(W(model)): 0.00022853697129819134
	score(model): 0.01489821479646897
	 mle: 2.345846515418814
	 mse: 1.408489704871939
	W1: tensor([[1.0000e-04, 3.1732e-01, 8.5189e-01, 1.2221e+00],
        [9.3658e-03, 1.0000e-04, 5.2407e-01, 2.0399e+00],
        [5.8505e-03, 1.3020e-02, 1.0000e-04, 1.1358e+00],
        [1.7989e-03, 2.0829e-03, 9.5745e-03, 1.0000e-04]],
       grad_fn=<SqrtBackward0>)
	cycle loss: 0.00022850583660205537
	structure loss: 3.113469613597259e-08
	Sigma: tensor([[ 9.6889e-01,  1.0119e-04,  1.6393e-05,  5.9470e-06],
        [ 1.0119e-04,  7.8198e-01, -3.2816e-04, -6.7066e-06],
        [ 1.6393e-05, -3.2816e-04,  7.1173e-01,  2.7871e-06],
        [ 5.9470e-06, -6.7066e-06,  2.7871e-06,  3.5558e-01]],
       grad_fn=<MmBackward0>)
Check M:  tensor([[ 4.8691e-07,  0.0000e+00,  0.0000e+00,  0.0000e+00],
        [-6.9716e-09,  3.8449e-06,  0.0000e+00,  0.0000e+00],
        [ 2.9668e-08,  1.6920e-08,  5.2955e-06,  0.0000e+00],
        [ 6.9815e-09, -2.7377e-08, -2.5329e-09,  2.2383e-05]])
Check eigenvalues:  0.35558395333231835

mu 0.00625

Inner iteration 4000
	h(W(model)): 0.0002107305947102956
	score(model): 0.014764176345508022
	 mle: 2.3272350172729315
	 mse: 1.4055101861118697
	W1: tensor([[1.0000e-04, 3.2523e-01, 8.5877e-01, 1.2710e+00],
        [8.8412e-03, 1.0000e-04, 5.3241e-01, 2.0853e+00],
        [5.6573e-03, 1.2504e-02, 1.0000e-04, 1.1775e+00],
        [1.6355e-03, 1.9685e-03, 8.7707e-03, 1.0000e-04]],
       grad_fn=<SqrtBackward0>)
	cycle loss: 0.00021069877239510149
	structure loss: 3.1822315194101e-08
	Sigma: tensor([[ 9.6959e-01,  1.3611e-04,  1.0034e-05,  6.0867e-06],
        [ 1.3611e-04,  7.8175e-01, -3.2199e-04, -7.7193e-06],
        [ 1.0034e-05, -3.2199e-04,  7.1226e-01,  4.8972e-07],
        [ 6.0867e-06, -7.7193e-06,  4.8972e-07,  3.4849e-01]],
       grad_fn=<MmBackward0>)
Check M:  tensor([[ 4.8073e-07,  0.0000e+00,  0.0000e+00,  0.0000e+00],
        [-4.5856e-09,  3.8472e-06,  0.0000e+00,  0.0000e+00],
        [ 2.1449e-10,  1.1196e-08,  5.3009e-06,  0.0000e+00],
        [-1.2821e-10,  5.9396e-11, -2.0624e-11,  1.7797e-05]])
Check eigenvalues:  0.3484872059504781

mu 0.00625

Inner iteration 4999
	h(W(model)): 0.0001988742662692038
	score(model): 0.014710927076800518
	 mle: 2.3206044513513886
	 mse: 1.4044467441625004
	W1: tensor([[1.0000e-04, 3.2834e-01, 8.6337e-01, 1.2881e+00],
        [8.6266e-03, 1.0000e-04, 5.4065e-01, 2.1033e+00],
        [5.5486e-03, 1.2019e-02, 1.0000e-04, 1.1962e+00],
        [1.5593e-03, 1.8785e-03, 8.3421e-03, 1.0000e-04]],
       grad_fn=<SqrtBackward0>)
	cycle loss: 0.00019884287012050805
	structure loss: 3.139614869574294e-08
	Sigma: tensor([[ 9.6991e-01,  1.4593e-04,  6.4520e-06,  5.9123e-06],
        [ 1.4593e-04,  7.8183e-01, -3.1301e-04, -8.1696e-06],
        [ 6.4520e-06, -3.1301e-04,  7.1211e-01, -4.1344e-07],
        [ 5.9123e-06, -8.1696e-06, -4.1344e-07,  3.4608e-01]],
       grad_fn=<MmBackward0>)
Check M:  tensor([[ 4.7689e-07,  0.0000e+00,  0.0000e+00,  0.0000e+00],
        [-4.7394e-09,  3.8455e-06,  0.0000e+00,  0.0000e+00],
        [-1.0275e-10,  1.0930e-08,  5.3080e-06,  0.0000e+00],
        [-1.8359e-10,  3.0747e-10,  2.3913e-11,  1.6824e-05]])
Check eigenvalues:  0.3460788404365391

Dagma iter t=6 -- mu: 0.003125 ------------------------------
success:  False

Minimize s=1.0 -- lr=0.00375

mu 0.003125

Inner iteration 0
	h(W(model)): 0.00019886496868558307
	score(model): 0.007454879847771854
	 mle: 2.847107483822941
	 mse: 1.6054025223702855
	W1: tensor([[1.0000e-04, 3.2834e-01, 8.6337e-01, 1.2881e+00],
        [8.6265e-03, 1.0000e-04, 5.4066e-01, 2.1033e+00],
        [5.5485e-03, 1.2018e-02, 1.0000e-04, 1.1962e+00],
        [1.5593e-03, 1.8785e-03, 8.3418e-03, 1.0000e-04]],
       grad_fn=<SqrtBackward0>)
	cycle loss: 0.00019883357312333594
	structure loss: 3.139556224712866e-08
	Sigma: tensor([[ 9.6991e-01,  1.4594e-04,  6.4493e-06,  5.9121e-06],
        [ 1.4594e-04,  7.8183e-01, -3.1300e-04, -8.1700e-06],
        [ 6.4493e-06, -3.1300e-04,  7.1211e-01, -4.1419e-07],
        [ 5.9121e-06, -8.1700e-06, -4.1419e-07,  3.4608e-01]],
       grad_fn=<MmBackward0>)
Check M:  tensor([[ 2.4086e-07,  0.0000e+00,  0.0000e+00,  0.0000e+00],
        [ 1.5512e-05,  1.9517e-06,  0.0000e+00,  0.0000e+00],
        [ 4.8217e-06, -8.0987e-05,  2.6540e-06,  0.0000e+00],
        [ 1.4194e-05, -3.3471e-05, -5.0029e-07,  8.4116e-06]])
Check eigenvalues:  0.3460775920027597

mu 0.003125

Inner iteration 1000
	h(W(model)): 0.0001007701613511558
	score(model): 0.00889007707549772
	 mle: 2.81087262070219
	 mse: 1.5187575613399953
	W1: tensor([[1.0000e-04, 2.5829e-01, 7.2086e-01, 8.0947e-01],
        [8.2385e-03, 1.0000e-04, 3.9054e-01, 1.6860e+00],
        [4.7518e-03, 1.1409e-02, 1.0000e-04, 8.0061e-01],
        [2.1538e-03, 2.1818e-03, 8.3609e-03, 1.0000e-04]],
       grad_fn=<SqrtBackward0>)
	cycle loss: 0.00010072216914291943
	structure loss: 4.799220823637038e-08
	Sigma: tensor([[ 9.7008e-01,  2.3231e-04,  2.3126e-04, -1.3027e-05],
        [ 2.3231e-04,  7.9143e-01, -2.3897e-04,  2.0299e-05],
        [ 2.3126e-04, -2.3897e-04,  7.4044e-01,  9.8700e-05],
        [-1.3027e-05,  2.0299e-05,  9.8700e-05,  5.3708e-01]],
       grad_fn=<MmBackward0>)
Check M:  tensor([[-3.1021e-06,  0.0000e+00,  0.0000e+00,  0.0000e+00],
        [-1.9439e-05,  7.9345e-06,  0.0000e+00,  0.0000e+00],
        [-7.0106e-05,  6.5009e-06, -1.5026e-06,  0.0000e+00],
        [-2.4521e-05,  4.2369e-05, -1.6305e-05,  9.2770e-06]])
Check eigenvalues:  0.5370774085950775

mu 0.003125

Inner iteration 2000
	h(W(model)): 0.00010101076803228791
	score(model): 0.007837397897057471
	 mle: 2.474339059030434
	 mse: 1.438351688993048
	W1: tensor([[1.0000e-04, 2.8982e-01, 8.1082e-01, 1.0765e+00],
        [6.4520e-03, 1.0000e-04, 4.7750e-01, 1.8719e+00],
        [3.6679e-03, 9.9794e-03, 1.0000e-04, 1.0059e+00],
        [1.3665e-03, 1.6706e-03, 7.1142e-03, 1.0000e-04]],
       grad_fn=<SqrtBackward0>)
	cycle loss: 0.00010100176964722429
	structure loss: 8.998385063617898e-09
	Sigma: tensor([[ 9.7373e-01,  9.1887e-05,  2.9485e-05, -4.5307e-07],
        [ 9.1887e-05,  7.8814e-01, -1.7610e-04,  1.0225e-06],
        [ 2.9485e-05, -1.7610e-04,  7.2335e-01,  2.4899e-05],
        [-4.5307e-07,  1.0225e-06,  2.4899e-05,  3.9454e-01]],
       grad_fn=<MmBackward0>)
Check M:  tensor([[ 1.8542e-07,  0.0000e+00,  0.0000e+00,  0.0000e+00],
        [ 1.4579e-07,  1.8780e-06,  0.0000e+00,  0.0000e+00],
        [-6.8590e-07,  4.3521e-07,  2.5907e-06,  0.0000e+00],
        [ 5.1689e-07,  6.9037e-07,  1.9772e-07,  3.8466e-05]])
Check eigenvalues:  0.39453800382754334

mu 0.003125

Inner iteration 3000
	h(W(model)): 9.832159914650938e-05
	score(model): 0.007565298115943036
	 mle: 2.388144667735145
	 mse: 1.4219246958405818
	W1: tensor([[1.0000e-04, 3.0388e-01, 8.3628e-01, 1.2095e+00],
        [5.7974e-03, 1.0000e-04, 4.9737e-01, 2.0051e+00],
        [3.3353e-03, 9.4378e-03, 1.0000e-04, 1.1189e+00],
        [1.1292e-03, 1.5656e-03, 6.3806e-03, 1.0000e-04]],
       grad_fn=<SqrtBackward0>)
	cycle loss: 9.830957299161724e-05
	structure loss: 1.2026154892134759e-08
	Sigma: tensor([[ 9.7489e-01,  1.0784e-04,  2.7583e-05,  2.7804e-06],
        [ 1.0784e-04,  7.8707e-01, -2.0179e-04, -2.4836e-06],
        [ 2.7583e-05, -2.0179e-04,  7.2206e-01,  1.5155e-05],
        [ 2.7804e-06, -2.4836e-06,  1.5155e-05,  3.6118e-01]],
       grad_fn=<MmBackward0>)
Check M:  tensor([[ 1.9624e-07,  0.0000e+00,  0.0000e+00,  0.0000e+00],
        [-1.9048e-09,  1.8710e-06,  0.0000e+00,  0.0000e+00],
